205 121 164 184 166 162 211 222 193 189 177 146 141 175 161 178 171 175 165 153 146 138 143 142 138 151 159 165 177 194 214 177 114 116 108 140 159 121 126 126 135 198 220 204 194 237 234 234 254 250 236 236 223 234 179 164 155 177 210 200 160 174 187 107 108 130 198 255 137 153 138 203 231 208 93 126 170 164 125 142 121 139 125 154 124 128 118 168 125 115 111 103 111 122 117 151 156 152 130 104 135 169 180 191 168 157 104 81 92 92 106 104 98 102 98 88 102 112 109 121 132 212 199 224 200 177 125 171
123 14 60 32 44 51 73 52 65 19 42 50 43 25 13 31 16 17 40 25 19 25 8 8 17 27 34 28 33 29 49 123 129 111 102 32 117 156 157 78 111 91 12 31 33 47 43 42 38 22 72 55 22 98 134 39 64 59 24 58 30 53 78 97 90 156 151 57 95 18 54 96 13 160 75 105 56 49 44 34 28 46 21 27 34 17 49 53 72 36 34 31 53 58 54 57 38 37 44 15 74 67 47 37 62 101 91 25 22 22 18 18 31 50 27 23 35 23 34 52 113 161 125 101 166 155 123 165
140 81 114 83 86 106 34 20 68 72 76 124 69 55 14 12 23 14 27 45 19 9 8 19 9 12 24 27 28 44 23 22 80 85 116 139 87 77 29 41 74 70 42 43 71 81 16 30 43 6 16 42 10 24 100 63 69 33 39 13 89 64 42 120 115 45 84 40 88 56 90 65 30 110 101 60 36 71 53 63 44 63 51 81 47 37 32 69 34 30 46 45 60 59 50 52 25 67 56 24 70 56 18 99 66 67 79 24 43 59 58 64 67 95 123 116 82 86 101 95 193 84 31 28 68 59 117 255
189 121 99 62 50 41 112 101 73 96 88 62 92 39 29 18 13 28 17 40 43 11 7 10 22 14 9 23 23 32 38 29 22 14 24 81 128 116 98 64 125 66 73 102 47 104 48 40 62 30 54 39 31 55 89 72 38 101 55 64 34 22 16 33 52 97 41 49 15 21 49 79 125 113 71 32 72 61 90 21 26 14 11 33 56 79 53 95 58 54 25 95 38 13 29 47 25 61 64 30 88 48 71 128 105 117 54 53 70 42 47 39 56 82 15 43 12 35 4 38 64 81 73 95 61 59 43 240
102 135 188 152 150 143 152 126 135 158 139 199 101 4 16 21 14 20 46 31 40 45 9 9 8 12 16 14 21 21 32 30 32 24 23 7 37 68 141 74 98 118 85 46 85 108 27 49 51 30 8 16 21 38 83 38 78 23 58 72 95 67 101 82 74 55 51 30 79 116 85 49 49 47 61 91 79 57 134 167 175 157 148 153 137 105 104 65 42 35 12 51 61 69 63 64 28 72 56 70 82 36 110 97 39 38 62 52 25 35 37 25 32 88 121 94 59 38 51 70 101 102 92 122 138 127 162 251
73 90 52 42 46 50 16 34 15 48 51 42 113 37 12 25 14 17 33 50 29 43 49 16 12 12 16 12 12 17 29 31 30 24 26 30 12 33 90 163 124 52 33 81 132 54 54 14 74 37 20 29 15 101 79 85 39 82 26 29 65 72 43 19 70 51 48 52 85 17 105 102 130 123 141 140 130 105 143 143 122 129 142 172 190 186 177 202 191 160 59 8 25 48 76 79 12 49 76 68 95 50 151 57 23 71 59 75 108 131 131 115 141 133 87 69 99 108 112 108 46 41 48 46 33 55 33 88
82 107 84 31 54 40 59 27 26 47 36 93 61 36 16 21 19 22 32 33 49 17 53 46 22 16 16 20 10 4 13 26 27 17 27 38 32 14 22 54 116 120 58 46 136 146 133 194 135 136 116 133 157 120 63 85 52 43 97 18 24 99 136 102 25 101 13 33 92 51 119 56 40 69 25 50 83 81 84 126 116 35 33 98 119 61 44 14 52 157 201 76 23 24 85 86 18 26 40 53 49 93 127 7 11 47 94 95 119 99 92 80 89 100 108 123 80 45 63 43 31 58 76 57 77 104 139 237
170 82 78 65 84 71 79 79 61 83 79 76 32 18 31 11 16 24 21 24 10 52 23 57 48 11 13 25 7 7 7 16 20 20 16 32 38 17 25 24 4 96 108 39 51 71 64 105 169 118 119 128 148 61 51 76 110 89 66 64 51 80 30 111 116 68 74 103 84 127 114 59 43 24 87 110 105 78 124 144 172 128 132 203 170 142 166 171 193 142 124 154 59 37 87 71 29 22 28 45 20 83 81 26 11 75 133 93 20 43 6 10 16 13 22 20 34 15 21 25 32 32 26 25 24 15 24 222
162 13 13 30 13 5 7 26 10 11 25 24 10 11 11 16 21 14 23 25 8 19 50 17 57 29 19 12 18 13 7 6 14 16 11 16 29 28 28 31 29 53 125 127 120 71 59 84 17 55 17 36 46 30 40 21 25 93 87 84 51 92 53 99 75 10 59 92 94 115 97 132 83 14 120 57 13 14 53 38 68 123 119 71 40 43 36 24 15 163 69 125 66 85 93 36 45 30 56 51 120 109 55 10 29 106 116 20 46 23 29 18 9 16 18 15 18 18 18 21 26 17 11 12 20 5 15 210
159 12 7 3 12 20 23 28 18 12 18 4 14 8 10 13 15 15 19 7 10 9 29 29 48 43 16 8 15 12 17 16 9 10 11 15 19 21 27 30 30 39 38 70 104 89 106 110 105 114 84 75 110 17 53 43 73 73 19 117 142 91 84 75 66 44 31 55 129 79 150 102 156 93 118 28 16 24 34 60 28 64 59 31 106 74 84 104 161 92 95 78 45 39 38 73 36 86 49 37 86 171 48 28 12 109 115 23 13 30 18 11 8 7 23 23 9 11 4 11 19 13 9 9 16 8 3 211
150 10 13 17 20 16 7 6 12 4 7 5 9 9 12 4 12 12 6 14 9 5 23 58 27 79 8 15 19 4 4 11 11 10 12 13 13 12 17 29 17 39 33 28 17 11 25 29 56 33 70 76 87 98 53 69 100 84 102 101 80 79 89 163 109 55 38 52 54 97 45 193 68 147 51 18 5 4 18 69 78 19 23 39 97 81 41 105 70 100 121 45 20 103 31 89 76 70 117 75 115 108 13 17 21 138 100 18 15 10 10 23 13 14 4 12 11 10 10 10 8 8 9 13 12 7 6 211
149 2 4 9 10 6 5 6 10 13 8 7 6 9 10 8 4 10 5 10 19 8 13 57 14 62 26 13 9 4 12 3 9 1 6 11 11 7 9 13 23 21 24 15 22 16 11 10 20 22 12 15 99 130 59 64 81 65 85 151 149 137 148 98 73 34 60 32 31 60 115 106 74 101 119 105 103 104 92 114 162 169 162 111 40 143 146 75 106 160 53 32 91 63 180 151 164 101 20 58 83 64 27 18 30 123 68 20 14 14 6 6 24 12 16 11 10 16 13 13 11 11 12 5 8 11 6 209
149 4 3 6 8 3 5 8 8 10 11 14 4 9 7 12 1 4 7 13 13 6 9 58 50 68 36 11 28 17 17 15 9 3 2 6 11 8 9 10 6 14 27 22 29 22 19 4 8 13 35 33 87 113 45 31 56 31 27 23 75 89 97 46 82 42 61 30 17 92 111 56 19 109 98 104 92 96 95 91 97 140 143 182 86 147 142 19 119 60 76 119 32 160 136 51 89 106 130 151 141 55 32 22 48 122 56 10 13 7 14 7 6 19 16 5 14 10 7 11 4 4 8 11 11 9 7 211
148 4 8 8 6 2 5 3 6 4 5 13 10 11 9 6 7 5 4 5 8 7 4 20 54 34 66 22 18 44 16 21 6 5 3 4 7 6 13 17 10 8 17 20 28 26 22 19 17 7 18 40 63 127 130 123 98 54 62 55 27 29 59 30 75 90 111 76 59 52 163 95 34 32 22 6 9 4 20 12 27 17 51 143 33 146 91 26 117 55 96 91 122 163 66 36 48 34 36 38 244 116 75 46 25 138 59 16 21 6 9 17 11 8 7 5 4 8 8 5 8 11 6 6 9 5 9 216
146 2 6 7 7 7 6 7 12 5 8 14 10 10 14 5 2 7 2 8 9 9 8 30 79 38 82 34 18 32 17 21 12 6 5 6 4 6 13 18 17 11 6 14 16 28 25 14 13 13 10 14 23 58 85 110 114 108 132 119 118 114 50 64 48 123 57 102 66 43 152 135 70 8 31 42 3 48 16 10 50 54 69 148 22 117 83 62 82 73 127 16 155 113 17 48 90 25 10 25 142 118 34 37 71 111 38 14 24 23 16 8 4 14 15 8 6 9 10 10 15 5 9 12 11 7 4 216
149 7 8 9 10 9 4 6 5 11 16 19 10 11 7 9 13 7 6 5 6 9 10 17 30 8 63 22 36 23 19 10 13 12 7 5 7 15 6 16 14 15 12 15 15 18 24 22 15 17 22 18 16 6 22 15 23 13 16 28 40 79 111 76 24 120 89 118 9 117 109 64 85 31 71 97 87 81 100 107 139 147 116 125 34 153 47 162 54 67 96 52 148 100 40 94 59 82 66 40 161 141 38 14 71 139 53 11 19 17 21 9 22 18 13 7 5 9 6 20 9 9 8 9 5 8 13 216
152 4 6 7 4 4 4 4 3 9 14 9 7 8 6 4 11 8 6 7 7 9 11 16 61 84 67 88 16 30 16 17 7 8 9 12 12 7 3 7 9 12 9 8 14 16 15 20 22 20 26 15 22 30 38 35 34 31 29 14 18 56 123 68 21 71 131 39 70 93 25 13 71 52 94 23 48 11 47 58 42 46 88 5 9 103 70 110 46 78 44 87 89 77 67 82 15 29 78 89 188 134 23 14 159 144 39 21 8 24 21 34 18 18 12 6 16 13 16 15 11 6 9 4 4 9 9 211
148 6 6 8 8 6 4 5 6 4 15 15 8 9 7 5 9 8 8 9 10 11 12 15 29 92 86 33 11 5 23 12 3 9 12 12 8 6 5 4 9 9 8 8 10 12 14 16 19 22 27 25 25 34 46 55 52 48 62 57 67 92 103 63 26 23 81 30 75 127 101 30 41 93 66 90 48 10 22 34 99 82 34 65 40 101 38 41 40 122 20 110 59 33 22 50 44 60 21 132 170 36 17 140 213 97 33 18 9 15 35 11 7 10 13 8 4 14 11 15 6 11 13 13 9 6 15 223
148 6 6 6 8 8 7 5 7 6 3 11 11 11 7 3 7 5 4 7 6 4 6 3 8 9 24 31 15 14 11 8 8 9 12 10 6 4 4 4 5 6 8 10 9 8 9 14 16 17 22 20 14 20 20 5 23 34 44 46 54 57 32 44 48 44 12 22 26 82 114 100 36 59 72 44 70 38 34 63 65 42 37 32 70 89 18 41 90 73 66 107 79 56 76 117 39 83 75 121 113 74 26 165 212 74 67 80 65 86 63 69 59 55 46 38 38 36 25 12 24 31 33 17 17 10 18 218
146 9 7 6 5 7 7 9 4 10 7 4 8 11 7 6 10 6 4 7 6 4 8 14 23 74 109 112 29 9 5 11 9 10 11 9 5 2 3 4 4 6 10 10 6 8 10 11 7 4 8 13 5 11 28 46 34 37 24 23 23 15 27 27 42 48 35 13 32 43 80 121 99 100 40 33 83 97 118 91 64 38 19 14 36 15 57 31 59 58 47 76 132 124 123 119 60 28 51 143 188 166 87 44 187 132 76 89 72 70 96 75 81 92 89 76 68 65 51 33 45 53 57 34 32 43 56 216
142 7 4 1 1 1 1 9 10 5 11 6 5 8 8 5 9 11 8 9 4 5 9 19 23 121 64 115 97 14 8 6 8 8 9 7 6 5 4 5 6 8 12 11 9 11 11 9 10 5 8 9 8 11 21 29 43 57 55 49 54 54 51 49 30 46 55 30 35 32 76 190 165 106 113 128 96 23 34 16 79 110 34 52 36 40 61 17 69 76 37 17 34 53 98 59 17 28 68 115 152 164 90 15 49 96 55 22 53 13 62 54 64 67 76 80 78 78 90 110 123 109 108 119 103 91 86 179
139 4 4 3 3 3 3 6 10 1 8 5 8 7 9 2 5 6 7 3 7 9 5 15 8 94 96 89 87 22 14 12 7 6 8 9 7 6 5 4 4 5 9 9 8 9 7 4 10 13 12 10 9 13 17 8 8 20 39 48 59 70 74 89 79 90 89 77 68 75 43 69 191 204 126 135 206 184 189 116 157 86 16 39 16 55 37 59 36 55 21 12 37 34 65 25 32 47 22 129 178 94 28 35 12 57 36 20 10 10 15 5 4 8 6 15 22 24 43 70 129 146 148 121 85 70 62 135
142 5 3 2 4 4 4 3 7 4 9 4 8 2 7 13 8 1 5 6 7 4 9 25 12 58 53 65 27 17 23 14 6 8 9 9 7 7 6 4 6 5 7 4 5 5 9 8 8 8 14 14 11 11 18 25 16 9 11 14 14 16 24 49 63 63 70 88 98 62 70 35 45 68 52 36 77 94 126 169 119 39 24 44 17 56 51 31 123 54 84 64 58 111 81 34 19 15 49 76 74 34 33 26 12 43 57 45 59 22 79 79 86 87 91 90 92 98 108 113 113 113 103 85 63 47 40 108
142 4 4 5 6 3 2 3 7 6 8 6 9 4 8 18 8 9 1 7 7 8 17 6 28 42 38 77 66 35 11 9 9 8 8 7 9 9 8 6 7 6 6 1 4 5 15 5 17 18 9 14 16 9 8 18 18 21 15 12 8 5 12 17 9 19 17 35 65 99 68 23 9 9 30 17 13 25 49 117 75 75 9 24 44 45 36 101 62 159 100 86 77 74 71 65 10 55 43 54 50 69 39 8 13 20 40 100 117 74 87 84 82 80 77 76 88 103 118 143 155 151 149 153 143 128 93 183
140 2 2 5 2 4 3 4 2 1 5 11 9 9 8 15 21 6 5 8 10 12 1 16 16 70 116 66 132 45 14 5 4 7 9 6 4 7 9 9 3 2 5 5 1 4 8 14 13 13 15 9 14 16 5 6 12 11 15 16 13 3 6 7 9 19 13 8 52 97 88 58 40 34 17 20 21 18 25 94 138 11 41 36 28 20 30 50 120 140 83 35 53 9 38 82 33 25 81 24 55 29 27 14 16 11 90 209 133 123 12 25 16 21 21 17 33 33 52 82 60 43 26 41 63 83 82 205
143 2 4 4 4 5 4 4 8 4 4 8 5 8 8 6 11 11 4 9 22 18 12 14 34 36 141 35 130 62 21 6 5 5 9 8 5 4 1 6 7 3 3 6 5 4 5 13 17 9 10 6 8 16 10 4 15 13 12 15 19 18 10 22 18 25 28 10 19 70 115 125 107 116 107 90 88 102 112 120 91 46 44 79 55 49 26 22 63 50 59 75 46 33 41 87 57 25 66 45 47 22 48 23 21 32 173 198 39 120 94 131 120 99 77 59 71 89 105 122 120 85 47 23 9 27 71 238
142 3 5 4 9 4 7 0 8 3 2 7 4 7 7 3 7 8 10 16 15 10 7 17 10 34 95 106 102 83 4 12 10 7 5 9 8 5 5 8 4 4 5 4 6 5 4 6 16 13 6 4 5 11 16 13 11 13 9 9 12 16 17 13 24 18 15 15 13 25 52 80 81 90 98 94 90 100 109 126 31 36 81 46 122 66 10 33 32 24 45 13 23 9 38 41 53 44 61 40 34 20 58 22 10 34 174 179 49 118 176 117 98 96 109 105 82 97 97 53 117 151 123 126 143 135 117 255
141 3 7 2 10 7 6 3 9 4 2 7 4 5 6 6 5 5 5 9 6 14 6 2 12 21 44 38 43 8 22 11 4 7 6 7 9 10 7 4 4 2 7 5 5 7 3 1 8 12 11 4 4 4 10 15 7 13 8 4 4 9 14 16 8 15 16 8 11 5 11 8 21 16 19 30 24 5 12 74 23 24 53 134 109 52 25 43 12 35 55 82 57 52 64 47 76 19 75 51 6 38 21 14 8 72 152 108 20 118 86 52 9 38 49 54 30 11 18 13 28 44 42 32 92 128 152 187
145 4 7 7 4 8 1 10 13 4 4 6 6 3 2 5 6 11 13 16 7 12 3 16 13 15 67 89 106 76 18 5 9 4 9 9 6 8 9 6 4 4 6 7 0 7 7 2 1 6 13 12 5 4 3 8 11 12 12 6 4 6 12 21 21 10 6 11 13 16 7 7 4 7 6 11 20 20 12 61 54 69 45 90 61 22 37 134 184 190 170 127 105 120 117 141 89 11 86 63 19 10 15 13 1 152 192 73 70 143 104 59 19 21 17 50 66 65 61 51 47 112 113 137 100 39 21 109
141 9 5 5 1 7 7 10 5 2 4 5 6 6 5 6 9 7 8 18 16 5 5 14 16 14 75 102 69 128 37 9 9 9 9 6 6 3 4 10 7 5 4 5 7 1 7 7 7 6 8 14 13 5 1 3 6 9 12 9 5 3 3 7 16 15 11 22 18 5 6 5 11 19 16 13 18 5 30 81 78 56 19 11 26 77 140 173 139 153 207 223 159 152 208 113 53 32 69 60 11 25 30 17 7 65 226 126 143 118 138 64 17 10 44 70 70 86 75 86 92 120 87 63 79 35 24 128
137 6 6 2 3 9 13 8 4 3 5 4 5 5 5 7 5 12 7 5 14 9 8 5 15 10 81 112 16 110 67 5 4 8 12 10 3 1 1 6 11 5 7 9 11 9 4 7 11 7 3 8 12 11 6 8 7 7 11 10 7 6 4 7 12 5 15 9 18 10 8 4 7 11 12 16 26 7 16 76 114 37 11 15 52 59 87 198 198 194 140 126 133 117 82 159 68 27 65 79 28 25 8 13 22 47 103 93 118 144 80 14 13 13 14 13 28 21 28 48 64 161 98 99 130 91 101 103
137 1 4 5 7 3 12 16 7 3 6 8 4 5 5 5 13 4 5 4 4 8 4 8 12 17 42 136 35 126 85 8 4 4 10 10 9 5 5 8 13 12 12 15 8 13 9 4 5 11 8 3 5 9 11 12 13 9 12 15 12 10 10 14 16 7 11 13 7 11 10 5 6 14 21 20 21 23 33 96 90 21 10 45 83 55 51 104 180 182 190 207 167 168 211 129 108 55 103 89 17 11 19 14 48 75 181 37 189 66 4 17 9 8 83 156 186 199 194 127 56 181 164 98 72 26 18 212
138 4 7 6 2 5 3 11 16 9 6 5 9 10 7 15 4 8 9 9 10 6 6 10 9 35 24 134 115 109 112 11 4 10 11 17 8 4 11 7 8 11 11 8 12 6 4 4 6 7 10 11 4 6 8 7 9 7 5 10 11 6 7 11 25 18 17 6 8 8 14 10 22 14 20 25 28 18 55 102 110 54 11 55 97 22 80 38 32 14 20 30 20 31 32 90 122 8 98 71 29 30 10 21 50 52 89 109 101 52 24 14 17 64 161 164 124 69 93 172 85 61 177 188 134 114 135 128
136 9 9 8 6 4 2 12 16 5 10 11 9 4 10 6 9 9 4 8 9 8 15 7 32 25 32 57 135 109 55 18 4 10 13 10 9 7 6 13 2 6 6 6 4 3 7 6 5 2 8 6 8 8 8 10 11 6 6 7 10 6 8 9 10 12 14 12 5 18 17 11 30 55 71 80 47 27 18 62 134 151 79 28 83 85 60 13 12 18 35 46 40 28 47 24 102 41 79 92 50 17 13 6 49 69 79 116 95 73 9 6 10 78 158 187 174 186 198 54 86 41 37 36 26 13 7 77
132 11 9 10 9 3 2 8 16 14 17 13 13 6 7 9 8 4 2 3 4 7 16 22 14 11 6 34 19 13 28 11 15 7 18 11 2 9 14 6 11 9 6 2 4 7 5 2 2 6 5 4 8 8 13 12 9 8 12 14 16 13 6 9 13 7 6 14 14 24 40 69 76 85 92 100 102 102 98 71 37 68 123 96 16 49 22 18 13 47 42 32 38 46 33 35 101 61 66 111 37 20 13 12 7 37 61 71 56 6 27 17 21 6 64 145 170 132 126 88 56 73 11 8 33 23 3 74
129 10 5 9 7 5 5 3 12 13 9 5 8 9 5 10 7 6 5 4 5 7 4 13 5 14 13 52 123 111 116 52 5 14 11 13 11 10 11 6 14 7 8 3 6 7 2 3 4 3 5 4 6 3 12 13 11 10 10 12 15 18 14 5 8 28 12 24 50 61 90 74 29 17 28 28 17 56 81 117 97 58 40 41 132 92 25 22 9 18 49 45 21 13 14 20 109 96 65 119 37 20 16 17 3 13 17 12 10 23 18 18 27 6 11 36 10 21 80 72 75 68 64 31 9 19 13 81
128 5 10 9 6 5 4 3 4 7 1 5 5 6 0 5 5 4 4 6 5 7 9 9 13 14 17 91 109 41 118 108 21 13 9 7 6 14 7 6 10 6 2 6 6 6 2 3 1 2 4 3 1 4 8 12 11 10 6 5 9 18 20 11 18 18 29 47 60 67 33 57 48 47 75 85 67 53 52 21 69 55 29 96 74 148 108 15 23 12 9 14 10 16 7 22 112 104 64 108 28 35 42 24 19 7 5 20 9 17 16 28 6 20 91 174 172 140 164 110 155 195 197 181 176 146 123 140
131 6 6 6 6 4 4 3 5 9 6 4 1 6 2 4 2 6 9 8 3 4 6 9 14 14 30 48 126 67 64 122 41 11 6 10 9 14 6 7 6 6 5 3 4 5 4 2 0 0 2 2 3 3 6 13 11 11 12 6 7 13 20 18 8 17 68 31 44 19 62 7 53 61 28 26 46 43 52 63 49 89 78 63 90 63 141 79 16 11 3 14 13 10 21 7 61 138 17 122 25 49 34 22 6 24 11 6 13 9 19 16 28 87 178 139 127 159 176 160 139 104 92 116 158 160 163 255
131 4 7 6 6 4 6 7 8 7 12 1 4 8 3 3 10 10 7 4 9 8 2 9 6 12 25 45 139 65 64 123 68 14 10 19 12 11 6 8 5 4 6 4 4 7 6 1 4 6 6 3 4 7 12 14 6 6 12 9 11 11 19 17 35 74 32 35 17 26 33 44 43 41 11 25 7 21 41 55 78 32 96 98 88 81 21 71 31 10 8 8 16 14 9 17 24 120 56 127 67 85 71 22 21 7 19 24 24 30 17 31 44 89 135 163 157 116 136 103 67 77 119 167 147 140 119 240
129 4 5 2 4 3 5 4 7 2 12 5 4 8 8 8 9 6 9 12 3 8 14 6 13 17 27 16 143 93 22 106 97 11 26 10 4 12 9 4 4 3 5 5 4 3 8 9 8 4 4 5 7 7 5 15 13 7 9 4 4 13 27 44 81 36 68 17 34 10 16 50 28 35 5 26 8 32 79 72 19 72 67 70 81 60 17 53 55 48 59 50 34 31 34 12 31 58 105 22 98 28 102 72 82 106 81 61 62 59 49 63 96 79 8 62 49 46 75 125 100 51 128 115 141 121 136 167
132 5 3 3 3 6 3 5 6 10 8 2 4 6 6 7 13 12 10 6 2 3 7 12 20 8 29 34 114 148 17 95 129 42 20 19 14 20 7 8 10 6 4 5 3 4 6 8 7 6 5 3 3 7 9 10 9 8 5 10 7 8 36 73 12 66 62 16 20 19 35 27 14 44 39 11 38 63 85 131 192 195 201 178 97 56 51 39 42 113 139 133 116 112 122 101 80 17 71 48 59 117 60 54 68 58 61 35 32 35 49 54 64 76 100 97 119 103 100 91 57 47 98 112 58 90 107 105
130 9 10 10 7 8 6 9 5 11 9 1 1 6 4 4 8 7 6 7 8 8 8 11 6 15 13 15 79 130 108 108 96 43 19 8 10 7 9 7 4 1 2 3 7 7 4 0 4 5 3 3 4 5 7 4 6 6 8 10 3 25 57 39 54 58 15 32 17 25 18 53 69 73 76 56 51 67 125 159 165 134 117 231 185 45 72 25 102 107 45 37 22 25 42 54 85 95 29 22 40 38 28 59 91 88 77 52 55 56 62 77 83 98 59 71 78 76 53 80 57 31 40 119 90 84 168 230
124 3 7 11 8 7 7 9 7 14 15 4 4 5 6 4 3 6 7 4 2 4 6 11 5 3 17 10 25 82 101 110 46 9 6 13 11 6 8 13 5 1 4 6 5 5 3 2 4 5 2 1 0 4 8 4 13 9 14 8 14 55 65 32 67 37 47 19 22 39 71 86 54 19 64 91 84 75 77 45 15 13 25 36 189 202 41 76 73 32 44 81 88 91 77 68 71 61 30 10 25 25 11 31 57 71 62 49 58 62 65 73 95 102 118 113 133 142 197 97 65 34 76 73 68 92 47 255
127 6 6 5 5 5 5 3 8 9 15 6 5 3 3 3 5 4 4 9 9 9 10 3 10 9 21 21 22 25 9 27 16 10 10 7 10 3 8 5 4 1 4 6 2 2 4 4 5 3 3 2 4 6 6 10 7 19 8 13 33 63 45 23 48 50 53 33 58 35 39 22 57 61 91 109 87 48 17 7 18 20 27 70 7 199 183 49 119 48 61 82 35 33 25 41 47 21 18 34 19 32 19 21 13 12 1 2 8 9 5 11 13 6 26 21 32 29 186 170 98 103 103 56 136 95 127 202
129 17 18 15 11 7 2 8 10 8 13 8 7 10 8 4 4 8 11 11 6 3 13 20 12 13 34 21 8 13 46 51 28 6 7 5 10 16 9 12 7 5 3 4 2 2 5 4 4 6 1 5 4 3 4 11 8 15 9 20 39 56 23 24 15 36 77 24 56 32 20 48 38 46 88 89 54 36 28 18 14 45 40 33 30 98 203 25 97 28 8 91 93 21 30 23 14 27 22 13 30 15 22 4 26 3 9 3 10 13 7 11 4 7 14 8 10 11 96 181 166 142 171 165 154 67 188 199
115 26 22 20 18 9 6 10 3 4 11 9 3 8 10 8 6 10 10 5 3 8 11 17 5 20 27 20 12 33 85 115 108 55 9 18 9 7 5 8 10 5 4 5 4 3 6 8 4 5 4 4 2 4 7 9 9 8 6 24 48 53 14 34 18 28 63 67 62 52 14 55 28 66 122 79 25 13 27 14 30 22 50 13 36 60 177 44 104 23 18 40 119 99 26 22 23 39 38 17 16 18 11 26 16 8 4 10 7 10 11 9 5 16 6 13 5 13 6 108 60 64 57 134 64 32 101 148
103 4 6 13 15 9 9 9 4 9 11 5 7 7 3 4 8 6 4 8 3 9 16 18 17 28 13 14 19 77 108 89 118 116 60 17 15 25 11 18 6 4 2 4 1 1 2 6 9 5 6 5 3 5 4 11 10 10 5 30 62 48 12 45 37 38 8 59 45 24 68 38 32 109 72 37 50 30 27 9 12 37 23 40 30 62 161 78 90 21 24 18 40 115 103 23 15 18 33 27 17 8 4 18 15 14 14 5 6 6 9 9 12 4 18 12 14 9 3 4 14 7 39 37 8 13 12 50
120 25 25 23 16 8 8 10 9 11 6 3 3 7 9 6 11 5 7 7 6 2 9 25 13 6 32 19 15 94 133 37 76 145 72 21 6 13 10 9 5 5 4 4 3 2 3 4 7 10 5 2 6 4 5 14 6 13 8 38 67 21 37 66 31 26 27 41 28 19 46 38 49 77 103 66 13 31 21 16 22 13 34 41 47 64 131 80 37 6 28 31 42 25 85 123 68 10 12 35 19 4 8 7 16 14 6 11 8 8 5 14 5 12 5 6 5 7 8 16 19 16 6 20 16 18 1 53
128 12 13 14 9 6 7 8 8 5 4 6 5 4 8 3 7 14 9 10 4 5 14 8 8 27 11 20 21 58 128 61 46 144 88 31 18 18 10 8 9 1 7 2 1 0 4 7 5 3 3 8 5 5 5 10 16 6 5 41 59 15 51 43 39 40 55 61 33 60 69 56 23 70 80 76 66 25 27 28 14 17 29 104 120 35 72 47 19 12 9 18 11 14 34 59 119 81 17 13 14 8 12 10 10 11 9 3 6 5 6 8 9 8 4 12 10 11 15 13 4 9 26 15 15 8 17 51
125 5 5 6 2 4 3 7 11 4 2 3 6 2 1 7 7 6 7 4 4 3 8 18 12 19 14 12 19 54 122 70 22 126 108 11 10 7 5 2 9 4 5 5 1 2 6 5 5 6 3 5 8 5 5 6 15 5 14 47 53 13 25 33 43 56 39 31 59 94 38 39 97 93 110 118 45 13 26 16 78 81 162 194 107 87 85 55 28 22 17 9 24 27 15 11 73 110 95 48 18 24 18 16 5 9 11 9 11 9 7 15 13 9 12 4 10 7 6 13 6 12 6 10 11 13 4 59
123 4 7 12 11 5 4 6 11 4 3 1 4 2 5 8 4 6 9 1 5 7 11 9 6 8 10 6 24 52 126 52 27 100 106 9 16 6 4 3 5 8 4 7 7 6 2 8 9 8 5 4 5 9 3 10 9 9 12 67 49 7 19 36 22 9 32 51 81 37 52 58 81 83 179 91 21 16 16 83 75 141 154 59 216 93 102 96 14 25 6 8 14 6 17 17 27 77 114 119 109 97 82 86 75 61 50 41 27 25 29 26 19 20 19 16 10 6 9 14 7 7 16 9 7 9 12 51
122 7 7 3 14 15 9 8 12 8 6 3 5 5 8 8 3 4 3 5 6 12 8 11 3 12 9 10 24 51 132 50 6 95 117 20 16 5 7 4 11 8 2 3 7 10 4 4 5 3 5 6 6 3 12 12 10 7 12 52 40 21 21 31 47 51 69 48 17 38 51 32 66 91 126 84 37 17 42 72 136 106 111 224 117 19 57 103 43 26 23 15 22 29 7 10 23 5 33 74 99 95 96 118 121 116 116 114 108 104 108 111 93 99 100 90 75 63 59 60 33 30 28 22 23 27 23 51
120 2 6 13 16 10 4 4 9 4 4 1 4 5 8 2 8 6 2 8 9 11 14 13 9 12 5 8 24 56 136 55 15 100 125 18 22 9 12 7 13 3 3 4 2 8 7 6 11 10 7 4 2 9 9 12 19 20 9 60 54 16 17 50 31 34 27 36 22 47 54 84 139 70 120 90 34 39 23 32 61 156 138 87 17 13 15 113 113 18 38 18 18 21 16 14 27 26 21 13 4 6 13 19 45 54 66 77 83 77 73 75 81 85 85 87 94 99 98 96 96 78 68 57 62 70 65 91
124 7 6 6 9 11 9 5 9 7 7 5 7 5 6 2 9 3 13 11 14 16 14 15 15 13 9 9 21 64 135 61 13 102 127 26 25 21 12 11 7 7 10 13 11 11 9 8 8 13 15 12 7 6 9 19 26 10 14 33 59 29 24 33 54 52 32 18 48 83 107 103 103 166 66 138 33 40 19 17 51 14 54 19 34 18 39 26 139 90 9 12 11 22 12 13 10 14 10 11 14 16 15 24 21 11 14 5 18 8 14 13 13 10 4 4 14 36 43 41 48 48 52 45 38 40 40 116
124 5 4 9 7 4 7 7 7 2 3 6 11 9 7 5 9 5 16 11 20 9 20 9 25 5 11 21 24 71 127 65 9 89 113 30 30 8 5 10 14 5 9 7 10 8 4 9 10 32 32 12 18 4 8 23 9 31 11 16 79 81 22 20 57 36 34 34 80 69 112 93 45 158 24 135 61 32 43 32 21 45 15 51 57 91 103 133 83 92 33 6 11 17 27 9 9 8 6 12 12 16 22 21 15 14 8 2 14 15 6 10 10 13 15 14 14 17 7 23 20 11 25 28 18 12 4 107
121 5 10 11 9 9 3 8 11 4 5 8 11 5 4 7 12 9 10 21 7 16 11 19 13 13 13 31 22 76 127 87 97 140 132 43 27 21 14 35 23 20 24 27 24 19 20 21 31 33 50 51 16 9 5 14 26 22 28 38 22 87 54 47 54 27 44 34 103 138 90 109 82 143 46 128 110 42 32 42 44 23 33 43 63 95 151 142 81 49 7 6 10 3 18 15 20 22 25 18 7 10 9 10 29 29 21 16 19 27 26 22 16 23 30 31 25 33 27 12 18 21 24 38 38 29 24 111
123 6 10 5 7 8 3 5 10 9 6 7 11 11 14 11 13 8 9 8 17 8 17 6 13 8 11 29 18 29 87 99 118 124 47 21 19 8 23 26 4 5 3 12 14 11 6 17 46 48 9 50 46 13 4 11 20 33 16 17 65 32 44 45 33 34 25 24 91 195 139 72 142 128 48 79 116 108 20 33 40 17 20 22 72 144 93 56 42 16 25 31 37 31 21 41 39 40 45 50 44 37 31 33 26 11 14 14 7 8 11 7 13 10 14 24 28 33 35 36 24 25 21 28 35 39 45 131
127 6 7 3 8 6 4 6 13 5 4 5 11 9 3 3 5 2 7 5 10 20 11 7 14 14 19 21 15 10 38 55 41 33 12 23 5 10 12 19 23 15 11 11 12 13 12 7 14 47 53 34 17 16 12 15 23 20 33 42 47 46 31 21 22 16 27 63 26 121 195 180 93 116 54 40 82 149 86 38 41 22 15 98 156 98 26 73 24 62 41 20 9 33 16 34 27 31 37 46 52 54 54 57 62 53 36 26 34 37 32 24 30 38 38 26 27 42 36 19 14 8 9 8 1 19 32 155
128 8 3 7 4 6 6 13 13 1 4 9 12 5 4 12 10 3 5 7 7 6 11 4 9 10 8 11 10 23 23 33 39 26 14 15 26 19 20 22 8 8 7 8 12 9 4 4 5 17 25 14 3 5 6 13 14 28 11 68 42 29 40 4 31 35 85 14 76 45 10 52 51 61 41 25 35 140 122 56 40 31 80 147 81 37 31 58 45 45 21 40 46 26 35 33 36 36 34 26 20 14 9 13 20 21 21 6 12 8 5 4 7 4 4 5 2 18 27 18 6 10 6 8 17 15 8 156
128 7 4 6 5 8 6 5 8 8 5 7 10 9 12 13 6 8 4 4 12 13 7 9 9 16 18 20 11 19 37 48 58 56 25 7 25 15 9 8 9 4 12 12 6 1 4 9 5 6 15 8 4 3 0 7 8 19 40 50 45 77 63 57 47 87 41 85 112 129 145 146 107 91 64 21 26 93 125 69 79 35 128 45 76 74 71 30 28 16 26 26 19 15 17 33 36 37 38 38 41 44 44 46 26 31 31 25 25 21 18 21 31 38 39 38 39 32 24 27 36 27 25 25 17 4 10 148
130 4 8 4 9 9 9 3 11 3 1 6 7 4 7 11 6 5 5 9 4 8 4 2 10 10 22 29 12 23 42 28 40 44 30 15 20 10 6 17 5 11 8 8 7 3 7 8 10 10 9 4 8 3 1 12 17 10 28 44 71 57 24 22 87 99 85 117 138 100 80 45 146 155 79 21 19 100 117 67 56 68 39 85 49 28 62 44 5 6 17 10 12 4 16 4 4 3 6 10 13 12 6 10 2 22 20 8 19 13 9 17 16 7 3 5 9 11 9 11 7 3 5 5 7 7 3 155
127 7 7 3 12 8 8 4 5 4 3 10 11 5 13 5 4 5 8 2 8 11 7 6 13 16 7 17 30 28 14 25 44 14 28 16 20 22 18 10 5 11 17 12 10 12 6 13 9 13 11 10 6 3 9 22 13 19 22 17 16 51 95 97 113 37 179 175 99 55 36 32 112 200 66 31 28 98 84 56 83 85 30 89 100 71 46 33 22 19 16 25 11 3 6 9 6 7 13 15 14 13 10 9 10 11 26 29 12 8 12 7 12 15 18 19 13 10 7 9 15 18 17 17 17 11 8 150
123 3 4 5 11 13 12 6 13 3 3 7 15 15 4 10 6 7 3 3 8 11 6 18 22 15 17 16 16 14 21 34 34 22 22 16 14 10 19 17 13 17 10 18 14 8 12 13 17 4 8 4 7 7 6 5 19 28 44 58 78 74 78 76 34 206 228 154 96 26 20 37 52 180 158 41 14 68 81 78 111 129 142 75 60 112 84 33 13 4 6 11 15 10 8 13 15 10 8 7 9 14 9 10 11 13 4 14 20 13 4 10 8 14 17 12 7 10 12 9 24 9 5 6 1 12 18 154
125 3 4 4 4 12 13 10 16 17 3 8 9 15 16 15 3 8 9 6 6 12 16 13 9 22 7 26 27 43 31 19 70 61 86 53 18 20 6 18 11 13 19 15 7 13 14 14 8 17 3 1 6 9 8 4 15 44 51 36 37 43 36 29 124 240 93 29 89 57 57 26 36 68 173 120 18 15 57 74 82 100 175 184 149 116 69 13 16 16 10 15 6 4 8 11 13 17 15 9 11 16 9 6 12 7 8 7 13 23 25 22 22 23 19 17 15 12 12 17 9 7 9 12 8 13 12 165
126 2 3 4 5 5 2 3 1 14 16 11 16 8 1 9 10 9 9 11 9 4 10 8 11 4 23 16 19 25 32 68 131 110 141 134 49 28 19 9 5 4 5 4 13 16 11 13 17 15 13 7 14 9 14 17 15 34 42 27 40 42 9 10 149 239 71 15 34 40 50 56 33 17 102 160 53 24 25 40 32 27 59 108 93 53 21 19 11 13 11 9 15 7 6 4 6 13 14 10 10 17 20 11 17 20 16 13 11 13 14 11 5 3 8 13 9 10 13 10 4 16 12 9 6 13 10 162
124 7 5 4 4 7 8 7 10 14 14 4 9 9 5 9 1 5 1 9 8 10 14 8 14 13 2 16 19 16 26 97 97 58 55 137 115 25 16 10 7 5 7 4 5 10 12 14 10 4 10 6 4 11 11 8 16 31 66 65 45 23 13 12 23 224 255 74 14 22 22 42 68 46 54 138 136 29 10 18 46 49 59 63 44 21 8 14 11 12 7 5 8 6 6 8 7 3 4 5 6 9 15 6 13 4 1 2 3 7 8 6 10 10 12 8 6 9 8 13 10 9 15 8 4 7 8 160
127 8 6 8 6 4 7 11 16 16 6 6 1 6 4 8 14 15 12 6 5 10 6 7 7 15 17 21 24 17 22 86 100 49 21 108 138 42 12 17 11 7 8 5 4 7 6 8 14 14 10 3 5 8 5 12 19 27 63 93 56 17 28 17 31 11 206 255 102 10 22 9 42 68 69 102 147 109 60 34 47 56 66 44 11 10 17 10 15 13 10 8 5 2 3 3 6 6 7 6 2 4 14 16 3 4 5 0 7 8 3 2 4 4 9 14 16 15 11 8 9 9 7 7 4 12 5 159
129 5 6 3 6 7 9 10 10 7 6 2 5 9 5 14 8 5 13 3 7 11 5 5 14 7 9 10 12 9 14 78 101 45 21 71 137 47 21 12 2 4 9 15 16 13 9 7 4 4 4 6 6 1 6 20 20 27 26 67 80 29 21 13 20 34 59 176 255 129 17 17 16 31 68 89 111 110 83 62 53 41 21 18 20 17 19 20 15 13 9 7 7 6 10 13 10 11 11 10 9 7 3 13 15 10 10 6 6 7 4 7 6 8 10 9 5 9 11 11 7 6 4 13 13 9 6 165
123 10 12 4 10 11 13 16 18 11 7 4 7 5 6 7 7 7 9 9 3 9 5 20 13 9 6 14 17 13 9 70 108 52 18 58 147 68 26 15 8 7 6 4 2 4 5 8 14 11 9 13 13 9 9 13 35 22 59 96 55 16 19 27 26 20 16 41 154 255 137 13 18 17 22 65 107 99 51 39 18 13 17 14 11 26 17 14 8 10 9 8 7 6 5 9 7 9 10 10 14 17 16 18 18 11 13 14 8 6 4 5 12 15 14 18 20 18 14 12 6 7 10 3 15 11 7 156
119 1 12 9 11 15 9 7 6 8 4 7 4 7 10 7 5 10 7 14 9 9 16 9 8 7 9 14 28 16 5 65 121 70 19 37 146 99 12 16 8 4 10 16 16 14 9 7 11 3 5 8 7 8 6 9 29 59 111 71 8 26 24 29 19 31 17 18 22 155 255 89 8 10 15 16 74 150 78 26 24 12 7 5 6 13 20 16 17 15 13 11 13 15 15 9 8 7 7 7 4 3 5 9 9 4 5 7 2 5 5 8 12 7 3 9 8 9 10 9 7 4 10 13 15 10 8 161
123 10 6 9 4 16 23 17 13 4 7 4 1 3 7 8 13 19 18 11 18 10 3 3 7 5 17 7 26 19 14 39 103 83 23 16 120 117 18 10 12 9 9 6 1 7 12 3 18 12 10 11 9 7 5 12 55 115 77 3 29 18 19 26 20 13 31 14 23 39 206 235 46 9 9 19 22 127 161 49 19 13 7 8 6 11 16 13 7 8 5 6 6 6 9 7 2 4 6 8 9 7 5 9 8 9 9 7 6 9 10 10 11 13 11 16 19 20 17 12 14 21 18 6 7 27 30 149
129 6 6 3 15 15 4 5 11 8 6 5 6 9 7 11 14 6 17 13 10 14 6 9 13 15 8 7 14 8 9 30 101 90 20 7 109 118 12 21 10 2 3 7 13 5 6 11 7 7 8 15 7 6 7 32 102 66 23 28 8 6 12 20 32 16 22 33 26 17 66 255 162 10 15 14 15 38 184 109 17 18 4 9 10 11 15 16 9 10 8 5 2 3 5 8 4 9 10 4 5 6 8 10 7 4 3 5 7 5 4 12 13 15 7 10 9 15 21 11 14 11 12 17 18 17 23 135
129 4 5 6 7 16 21 16 7 8 13 11 13 8 10 15 13 16 7 4 21 13 14 9 7 10 20 19 20 14 11 29 87 92 24 4 97 130 13 18 14 7 16 19 8 8 7 13 7 19 20 3 18 29 16 85 78 9 26 17 9 4 21 22 6 46 17 11 24 11 16 130 255 81 11 13 25 9 151 139 18 7 18 11 8 12 12 15 14 13 12 13 14 13 14 16 21 11 7 5 7 8 6 7 5 6 5 6 9 5 10 8 6 2 15 9 7 6 11 11 8 5 6 12 13 10 10 139
126 13 11 7 1 1 5 13 11 10 9 2 7 1 6 7 13 2 6 9 9 17 14 11 12 16 21 11 15 7 15 17 87 102 21 17 89 120 20 17 7 12 13 10 12 6 6 13 9 23 11 12 25 2 72 102 36 17 8 15 3 5 6 23 29 38 33 11 7 10 14 15 241 195 11 16 7 13 126 138 15 16 16 6 6 8 12 7 8 8 5 0 4 6 8 7 16 21 16 8 10 17 20 15 18 16 15 10 9 6 9 16 13 9 13 8 10 2 4 10 4 7 3 0 8 8 6 138
117 8 4 6 7 8 6 3 10 13 15 19 22 18 16 14 8 5 11 9 8 16 21 63 50 22 12 4 15 13 18 34 97 95 31 12 82 133 36 11 10 16 23 20 18 14 13 8 8 17 12 2 7 53 98 63 7 15 17 12 9 4 9 13 21 24 36 21 6 22 18 14 134 255 77 17 18 13 130 125 15 14 4 11 11 3 4 6 9 9 7 4 5 6 9 9 7 6 10 7 8 14 17 12 9 5 5 4 3 6 3 6 11 12 12 10 9 9 2 5 4 5 8 12 6 1 2 135
118 13 11 10 6 3 3 6 5 4 3 10 8 5 12 18 10 2 11 12 6 7 49 37 42 39 10 9 27 30 16 30 99 97 32 17 51 141 66 12 13 7 15 16 11 8 11 4 7 12 5 13 18 78 72 21 6 4 13 8 14 6 4 12 33 28 5 31 9 16 26 13 9 247 212 17 12 32 167 93 4 11 8 9 7 14 6 6 8 10 8 4 4 8 13 12 11 5 4 6 7 4 12 14 7 9 9 3 7 6 3 5 6 11 4 14 9 10 7 3 9 12 11 8 12 7 9 137
128 6 6 6 7 2 6 10 9 8 7 10 9 13 14 10 9 15 6 15 13 8 33 60 56 19 10 18 16 17 10 23 86 124 20 9 16 123 101 16 9 4 8 4 6 5 10 4 6 18 11 4 36 82 45 4 5 2 1 12 12 6 2 21 13 11 22 17 17 7 29 28 28 132 255 79 19 131 169 39 11 7 9 2 14 17 14 4 4 9 9 7 4 6 8 3 8 9 1 7 3 5 9 14 11 8 8 13 16 13 10 9 5 5 8 14 18 4 10 9 9 16 19 15 10 7 3 142
123 10 5 3 4 8 12 4 3 3 3 7 9 7 4 9 17 3 10 5 12 16 13 45 15 13 8 20 18 11 12 23 85 134 30 17 9 118 115 12 9 18 13 9 14 7 13 11 25 6 1 19 67 78 18 13 5 4 5 7 10 10 3 9 29 13 15 10 10 8 17 49 16 27 226 227 56 172 72 46 16 10 9 5 15 6 21 2 5 7 8 8 9 10 9 9 7 8 6 6 9 5 4 10 9 7 6 7 4 3 6 6 4 4 15 8 14 12 7 5 14 8 11 18 15 17 20 136
121 11 16 19 17 7 12 24 13 12 10 6 3 3 3 8 6 13 10 5 2 14 16 8 16 14 23 12 7 5 9 15 65 123 59 11 12 114 128 15 16 14 9 19 12 3 17 17 16 10 11 41 105 48 10 8 6 4 4 4 10 8 3 15 15 17 10 17 17 12 12 32 44 18 109 255 81 104 49 106 29 7 16 8 14 9 19 11 5 2 7 9 9 12 12 13 10 3 12 11 13 5 9 8 7 4 3 5 9 7 4 6 3 2 16 28 13 9 6 8 18 19 11 6 4 4 12 124
133 15 17 9 11 22 20 12 17 15 14 10 11 5 10 13 16 6 12 14 4 7 6 17 13 20 19 18 8 18 12 14 52 119 71 22 15 90 150 38 16 4 16 11 11 14 19 13 14 11 27 101 93 11 12 9 3 3 3 5 4 9 6 9 1 15 11 12 13 11 18 13 28 21 31 171 213 36 50 96 79 11 18 16 16 21 4 11 9 5 4 3 5 7 8 6 14 16 19 13 9 17 10 5 8 13 13 11 10 9 10 14 8 11 14 21 18 3 7 20 15 9 15 15 8 12 14 123
134 7 5 15 16 9 19 13 8 6 8 8 10 14 9 5 12 17 11 9 5 7 12 17 15 25 11 18 16 14 17 23 44 122 69 15 24 60 164 65 37 16 17 22 21 22 25 11 4 33 55 123 34 11 5 6 7 2 4 2 5 5 4 4 3 1 3 3 8 6 4 6 24 18 34 15 158 94 137 34 128 16 18 18 29 10 9 8 8 7 6 6 4 3 5 5 8 18 14 5 6 5 12 14 12 15 15 14 14 8 4 12 14 12 17 4 18 5 6 15 28 31 18 13 16 8 9 137
133 3 8 8 8 16 16 9 4 9 8 6 8 5 13 18 12 8 12 2 4 9 16 19 21 9 19 11 9 6 7 23 36 111 69 21 18 43 133 77 19 9 18 11 11 14 10 9 11 12 86 98 22 11 7 5 9 4 3 3 6 4 2 5 2 4 6 6 4 4 5 25 14 10 16 24 31 88 159 80 150 46 16 9 7 15 13 3 6 7 6 2 4 5 7 6 9 3 2 6 8 6 3 2 2 4 2 3 5 8 9 8 16 9 15 4 11 6 4 9 8 10 11 15 3 11 4 131
134 4 6 4 13 4 25 17 13 8 3 4 4 4 11 14 12 11 11 4 6 8 19 14 13 14 15 15 11 6 3 25 60 137 58 18 19 23 143 97 16 12 14 6 23 8 6 17 19 28 106 73 7 6 9 9 9 8 2 3 5 3 4 3 1 3 6 13 17 15 13 14 24 4 16 22 20 54 176 160 111 83 8 10 12 6 7 9 9 8 2 1 2 1 6 8 1 2 1 2 6 5 2 2 2 4 4 3 9 10 5 7 18 13 9 2 10 9 3 7 8 5 5 10 11 16 6 141
131 10 6 3 7 9 26 13 23 13 6 3 6 7 13 9 10 10 10 7 7 9 5 22 17 10 6 11 12 13 12 5 67 121 55 13 15 25 110 100 7 3 14 16 13 5 9 13 26 41 111 47 9 5 5 9 11 8 4 2 4 3 4 7 9 10 14 15 12 5 7 14 9 12 18 9 10 11 135 188 54 97 9 9 10 19 12 9 3 3 4 5 4 4 4 5 4 3 5 7 8 7 6 6 7 6 7 7 10 13 5 14 9 11 6 6 12 15 12 10 8 6 12 10 19 16 8 137
124 5 8 6 3 8 7 15 12 4 11 10 17 7 14 12 4 5 5 12 7 9 8 9 9 2 4 5 5 13 8 28 44 153 140 134 135 127 136 99 10 12 10 12 15 7 9 10 36 49 111 33 4 8 3 9 10 7 3 3 5 4 2 3 9 11 16 19 21 19 13 12 7 12 6 11 6 13 75 186 28 95 11 13 17 11 29 14 5 4 6 10 9 9 5 4 2 3 4 3 5 6 5 3 5 4 4 5 8 13 2 11 11 8 7 10 3 10 6 7 11 5 8 6 21 13 9 138
126 10 13 7 6 6 7 7 20 22 15 13 20 24 7 9 3 10 8 11 13 5 9 8 4 5 6 9 12 6 14 20 53 40 108 104 113 125 90 20 14 5 6 5 15 13 10 11 25 58 111 28 2 5 6 5 8 8 2 1 5 5 1 1 3 6 9 8 6 9 9 9 9 9 14 8 10 22 48 163 76 67 28 6 12 18 15 22 15 11 6 2 1 2 4 7 7 5 6 5 11 15 13 12 5 3 7 12 16 13 7 10 14 7 9 16 16 18 14 12 6 4 6 10 19 9 9 134
133 7 5 8 8 10 14 13 13 12 8 18 11 28 2 16 9 5 15 9 11 10 7 3 6 5 10 12 8 6 13 17 29 31 9 19 16 21 31 28 12 14 12 9 9 10 7 6 18 69 108 23 3 2 4 10 11 12 5 2 3 3 3 3 5 3 3 4 4 3 2 7 8 9 8 2 9 18 29 130 93 54 15 20 6 12 12 6 15 9 9 11 10 8 4 4 5 4 5 4 12 9 7 11 8 6 11 9 5 5 7 4 4 3 2 5 9 13 7 17 3 8 6 11 13 7 9 132
133 11 12 15 11 7 13 22 17 25 18 19 30 22 15 12 12 13 2 13 7 7 3 5 7 7 13 5 9 10 13 17 10 33 15 14 24 11 25 10 15 18 12 21 13 14 7 9 8 74 101 17 6 2 7 6 15 14 7 3 2 3 4 2 9 7 6 2 5 7 8 5 7 2 7 4 8 21 8 94 114 69 38 9 11 9 7 13 5 4 0 4 3 8 6 0 8 12 10 8 16 17 16 17 18 15 19 12 11 17 18 9 9 13 16 10 8 17 20 15 6 9 3 7 11 11 12 125
127 10 5 2 9 8 9 6 15 10 4 13 16 14 19 4 8 6 11 15 22 11 5 9 8 10 11 10 4 16 18 13 19 17 36 23 9 30 11 22 22 14 10 7 18 25 14 8 13 90 84 4 9 5 4 7 14 11 7 1 3 2 1 4 3 9 6 3 5 4 4 6 11 11 3 9 8 15 17 25 93 72 76 26 17 10 9 6 4 4 3 4 12 10 7 2 10 8 8 7 10 18 15 16 16 13 19 15 13 14 18 14 10 9 8 12 9 14 15 3 8 9 6 4 7 3 11 120
123 10 9 10 7 1 7 5 8 9 5 8 14 15 10 5 6 13 13 14 16 20 7 12 16 19 13 6 7 14 12 4 20 13 22 18 17 7 13 17 9 20 28 23 21 12 6 6 11 93 91 12 9 7 7 5 13 11 6 1 1 3 5 8 10 8 2 3 3 3 1 3 4 8 4 4 9 13 13 8 28 51 85 56 9 9 4 5 3 9 9 6 9 8 9 6 7 4 6 2 3 3 7 13 16 9 10 8 4 5 8 13 4 10 12 4 3 9 12 5 11 8 3 2 6 9 8 119
128 17 10 4 3 1 6 14 6 3 6 5 5 6 3 7 12 8 13 31 21 11 4 7 5 9 14 18 16 15 30 4 20 14 20 22 20 9 2 6 23 23 7 17 10 6 13 19 12 101 84 11 12 8 4 8 10 10 6 1 1 4 5 4 2 2 3 1 4 5 4 3 12 10 8 7 6 11 11 9 9 19 75 76 10 9 5 6 6 6 9 10 9 11 11 10 11 2 3 2 2 8 9 10 13 6 9 8 2 6 3 9 9 3 9 9 9 12 8 3 2 2 11 9 18 18 9 116
133 7 3 12 11 11 9 8 13 10 11 6 12 9 6 8 3 16 15 15 21 6 4 18 28 22 16 11 16 22 8 19 13 15 13 11 15 10 9 12 11 22 22 18 10 5 6 16 31 109 63 15 9 10 9 7 10 12 5 4 3 6 7 5 5 4 2 3 5 6 5 10 11 8 5 6 2 9 13 4 5 2 66 89 13 18 3 10 6 7 6 9 7 3 2 8 14 4 3 5 6 9 6 15 12 5 10 6 4 4 2 7 12 11 13 11 13 18 12 12 11 5 9 13 5 7 1 111
131 10 10 11 5 5 9 10 4 17 3 11 16 17 7 12 14 11 17 4 19 10 14 23 20 19 13 11 9 4 9 12 18 4 17 24 19 12 11 9 13 6 12 4 15 12 9 14 45 107 48 16 11 9 7 7 11 16 10 5 1 2 4 4 5 6 6 5 2 5 9 10 10 9 6 5 3 6 14 13 17 8 65 104 28 15 15 9 2 5 12 14 11 11 9 4 10 9 3 1 7 7 1 7 3 6 5 7 12 9 5 1 4 9 9 6 4 11 12 8 11 12 12 7 6 5 8 115
123 10 9 6 15 16 10 5 12 7 11 13 17 1 23 14 1 10 6 17 20 5 2 13 19 26 24 17 12 4 10 15 13 13 16 14 21 16 9 8 11 17 10 9 5 3 8 17 40 99 50 8 9 2 3 7 8 15 11 6 4 6 5 4 1 5 6 6 6 10 10 9 9 7 3 5 7 4 13 23 8 9 47 100 47 9 9 4 1 9 12 10 5 9 11 9 8 8 2 3 8 6 4 11 5 6 4 10 8 6 10 6 1 1 6 13 17 15 13 10 7 4 10 6 4 7 18 115
122 3 9 14 11 8 7 8 8 16 10 30 13 24 22 18 15 17 14 21 8 10 13 15 15 18 8 17 18 14 16 14 7 13 14 14 14 14 14 15 24 10 11 17 25 10 9 12 42 99 46 7 6 4 4 7 4 12 12 9 8 6 4 4 8 6 3 1 4 5 5 8 12 15 12 4 7 6 3 14 24 23 38 75 56 9 12 11 8 8 4 11 14 8 5 4 4 6 6 5 6 6 8 6 10 9 10 14 13 14 13 5 3 7 11 12 13 15 12 3 2 10 10 7 5 11 8 125
127 19 8 15 13 6 7 15 13 22 31 26 16 16 17 23 8 6 8 7 6 18 11 13 18 12 30 27 6 14 8 14 14 13 15 7 14 17 21 37 5 22 29 26 11 28 20 10 60 102 35 18 13 7 7 6 4 10 12 11 10 7 4 3 4 5 4 2 3 4 4 14 22 20 19 14 6 3 1 4 14 15 15 60 60 8 8 15 10 7 9 18 20 17 9 11 8 10 10 13 7 2 13 9 11 10 4 8 3 9 15 6 2 7 7 7 11 3 11 15 4 4 4 8 9 10 17 117
137 15 20 6 13 3 8 6 20 8 32 22 44 28 24 5 5 4 7 16 13 10 13 15 11 22 19 17 19 7 18 17 3 35 73 87 73 89 92 73 56 12 16 37 30 20 9 19 69 100 11 15 19 10 10 4 5 3 13 15 7 3 7 3 9 6 9 9 8 8 13 15 8 14 17 14 7 6 10 14 10 23 24 74 55 11 6 5 10 8 8 10 6 13 5 3 3 4 3 7 12 14 5 14 2 3 12 9 10 10 17 17 5 10 10 9 14 18 6 9 11 6 4 1 11 10 4 111
137 20 10 9 12 6 11 18 8 14 25 38 23 16 14 10 6 9 12 5 7 13 11 28 14 5 14 15 4 17 9 20 32 96 125 135 133 135 124 135 108 60 27 17 21 4 19 8 52 99 28 13 9 14 7 12 6 6 15 15 4 2 4 3 2 4 7 6 2 4 11 13 15 14 17 17 8 9 9 11 24 11 41 88 47 9 9 16 13 7 6 17 14 7 9 4 9 5 3 14 10 16 3 9 10 9 7 1 9 16 4 14 9 8 13 15 13 21 22 10 20 22 17 14 11 14 8 115
119 11 9 13 6 9 6 13 9 30 20 13 4 22 24 24 16 7 13 11 12 18 20 15 27 12 7 8 13 10 6 26 48 133 90 35 37 39 38 50 109 110 24 28 15 29 20 27 66 102 32 4 8 15 6 14 6 8 16 15 4 4 1 4 6 4 6 4 8 8 9 3 12 11 16 12 1 9 12 15 13 27 41 86 39 8 22 16 4 4 3 5 9 9 2 9 9 9 8 11 5 9 3 13 5 7 6 12 13 14 14 3 12 4 8 7 4 14 21 9 18 6 7 7 7 6 16 104
126 17 18 16 12 4 9 15 16 25 12 26 13 15 38 9 16 12 10 11 9 13 21 21 21 16 22 9 9 8 13 23 40 125 66 26 11 21 18 13 100 116 43 10 20 7 30 22 82 111 21 13 12 6 12 7 11 7 19 17 7 2 3 6 4 5 4 4 6 4 4 8 6 9 12 11 8 4 10 15 56 109 44 107 24 33 9 16 12 4 4 12 18 10 2 4 3 18 26 20 12 22 23 22 12 13 19 17 11 6 7 6 8 6 3 4 6 3 15 11 10 10 11 13 18 28 16 114
130 9 17 8 10 6 5 4 5 25 32 27 24 20 19 30 16 9 2 5 10 4 11 13 20 17 16 6 13 13 18 31 35 147 89 8 13 11 7 22 64 118 54 11 12 18 17 23 84 106 10 20 11 6 12 4 12 2 15 23 14 3 2 2 2 4 4 4 4 7 5 9 7 5 13 13 9 10 6 59 116 35 54 42 21 9 12 4 10 5 9 16 4 12 12 8 17 20 24 35 12 16 22 52 38 30 19 21 22 6 17 11 6 8 4 6 4 6 11 16 12 7 8 18 15 5 16 116
124 13 22 16 5 4 10 4 16 12 9 13 14 13 12 17 9 7 6 4 10 4 8 8 5 4 9 12 11 18 12 19 31 142 98 9 8 8 12 11 73 121 58 16 15 17 25 11 79 97 20 9 8 3 7 10 8 7 5 21 21 11 3 4 7 7 7 9 7 11 7 4 6 10 9 19 16 3 8 13 63 125 48 102 29 19 8 17 8 5 9 6 22 20 11 9 14 36 101 118 105 33 46 84 75 98 118 96 36 11 15 14 8 4 2 4 10 6 2 16 13 9 13 3 16 24 13 114
117 4 11 11 4 9 16 8 16 29 12 25 8 11 23 30 27 14 13 22 16 4 7 11 11 6 11 23 24 17 7 22 19 122 102 7 8 5 16 15 52 116 62 19 22 11 26 11 75 87 22 4 4 6 1 4 2 6 2 10 18 15 9 10 7 4 3 6 4 10 6 6 7 9 4 16 15 9 4 11 30 11 77 102 10 29 9 9 13 12 5 13 13 9 13 21 23 86 139 44 96 100 27 85 59 52 21 67 86 48 9 11 11 1 2 3 2 11 16 10 11 16 9 12 14 10 15 105
128 18 32 7 11 10 10 7 19 14 9 9 9 21 36 24 14 32 28 4 9 9 11 5 14 14 20 15 6 11 20 8 14 112 112 14 5 9 8 19 20 126 93 21 12 22 20 19 86 82 11 6 4 5 9 3 4 8 1 7 12 14 11 12 6 4 5 8 7 9 6 2 2 7 8 8 8 8 11 25 14 17 64 79 14 23 11 14 10 3 6 9 15 16 22 15 30 28 76 111 83 34 13 56 59 80 111 94 34 10 16 15 13 3 8 11 10 17 11 15 12 6 14 9 15 14 3 104
132 21 4 17 11 4 9 13 15 13 9 9 16 16 16 19 19 22 19 25 14 15 3 10 12 9 20 10 18 18 11 14 12 112 116 20 9 13 8 22 17 137 122 11 24 22 23 13 95 77 10 3 7 13 7 11 6 6 4 9 15 14 16 12 3 9 6 8 9 3 6 8 6 7 7 8 16 11 1 8 18 16 110 70 11 12 14 4 3 8 7 8 8 4 12 21 18 26 5 17 20 27 14 30 25 25 22 21 17 11 6 14 7 14 18 15 6 10 11 12 7 5 12 18 5 12 9 107
114 17 23 11 15 12 3 6 16 28 11 18 10 17 30 14 16 7 8 15 13 11 17 13 18 15 10 9 11 4 6 17 19 99 118 24 7 7 4 6 22 74 128 59 28 17 29 12 100 75 6 4 6 9 10 11 8 4 3 5 15 13 15 15 6 5 5 1 7 6 8 8 2 7 7 7 14 9 3 17 22 44 64 79 17 13 14 4 6 6 1 10 12 3 5 7 14 4 15 7 9 13 16 21 15 22 14 18 21 10 15 9 15 14 7 12 14 6 12 9 8 13 10 13 15 5 2 107
115 6 12 14 20 15 18 13 12 1 11 9 18 17 13 8 4 10 15 8 21 13 6 7 6 6 8 16 12 12 14 12 9 103 133 23 15 6 7 3 13 45 95 58 33 11 29 19 106 69 4 3 7 5 11 1 9 3 4 2 13 12 11 14 6 2 4 2 4 7 6 4 7 8 5 9 15 9 4 20 28 20 36 73 18 17 11 12 4 4 11 15 10 13 3 8 8 8 10 13 13 5 21 14 13 4 24 18 11 22 7 12 16 6 11 9 13 14 6 5 12 11 7 13 11 10 6 107
116 3 7 17 14 11 5 4 12 14 12 18 13 21 6 8 13 8 9 1 16 2 9 16 5 9 14 21 13 22 16 20 21 93 145 22 21 8 8 4 9 58 98 49 13 23 19 21 102 54 5 9 9 4 6 6 6 2 3 5 12 12 9 12 8 3 6 7 4 4 2 4 9 7 4 10 15 9 6 1 26 33 45 76 14 14 16 6 6 11 13 4 7 16 7 19 12 7 26 16 6 10 18 23 1 13 2 19 20 2 14 15 8 6 13 12 6 12 11 11 9 10 16 12 12 18 10 103
116 11 29 4 33 15 14 11 4 9 13 8 25 6 21 27 8 6 11 4 20 9 12 10 20 13 28 24 11 14 8 15 33 59 143 46 8 12 7 6 25 47 111 63 14 17 31 44 115 35 6 13 12 5 8 5 3 2 1 4 11 12 11 12 8 4 6 9 6 0 2 6 9 8 5 8 12 8 2 12 10 11 37 94 33 7 3 15 1 16 6 12 12 5 8 6 4 13 9 21 14 14 14 4 9 2 15 12 9 16 10 9 9 10 8 8 14 12 6 10 11 10 15 10 22 6 8 97
117 18 14 34 13 6 12 11 13 3 13 24 9 13 18 16 5 4 11 13 24 9 21 3 18 12 22 18 21 14 14 12 39 51 143 66 11 5 10 19 25 17 105 90 10 19 34 77 110 18 6 7 16 7 9 1 6 1 1 4 8 12 15 14 8 3 4 9 7 4 7 10 12 7 3 9 11 9 5 5 22 15 6 85 77 18 9 11 12 13 7 16 7 4 6 8 10 3 14 5 5 8 9 7 7 13 6 5 10 8 2 1 16 14 4 2 12 13 10 2 12 8 7 14 12 10 13 102
130 31 28 13 4 11 12 4 18 14 2 23 15 9 29 19 11 12 9 6 15 15 16 12 8 17 16 11 20 11 10 25 21 49 140 81 14 4 3 20 13 20 82 114 32 36 10 110 90 9 4 6 15 9 4 1 8 3 2 2 4 9 19 17 6 3 3 7 4 6 7 10 6 3 9 12 9 7 8 14 20 16 30 45 102 31 6 4 14 15 12 8 11 11 7 8 10 6 7 16 3 3 14 3 9 10 11 4 8 4 8 9 13 16 11 3 9 8 13 11 4 14 9 14 6 12 5 107
148 7 10 6 17 17 13 19 32 5 4 12 19 19 14 7 22 18 4 10 10 15 5 10 13 6 9 20 12 17 7 16 15 25 126 95 6 10 9 6 19 26 53 130 75 35 23 109 60 8 4 11 6 11 7 5 5 10 1 2 2 6 19 19 8 4 3 5 3 6 7 5 4 11 11 8 10 8 6 15 8 12 17 23 95 46 20 2 8 16 12 8 21 9 3 9 8 5 11 4 11 4 10 7 9 14 14 11 12 10 9 8 9 5 14 7 9 9 6 7 13 12 13 23 11 12 5 104
123 20 4 12 14 13 11 36 10 19 13 16 30 18 20 21 21 5 20 17 18 23 15 13 10 10 9 13 24 18 7 16 23 17 114 128 18 18 4 10 7 24 47 148 87 38 38 94 27 10 5 7 9 10 6 7 4 12 7 4 4 2 14 21 13 7 1 5 4 6 4 3 14 11 6 14 12 16 10 7 25 13 10 8 84 55 12 12 3 8 11 21 12 9 7 6 7 2 5 11 7 9 13 4 9 13 13 4 13 9 7 12 13 12 15 4 8 8 9 11 4 11 13 3 16 12 6 102
134 12 19 3 26 14 6 27 27 5 12 18 26 19 6 23 9 18 22 9 7 6 23 10 27 27 25 17 9 17 14 11 15 31 95 141 18 13 17 2 4 14 36 115 90 40 75 91 20 4 5 4 4 5 8 7 6 9 10 7 6 1 10 17 17 12 4 2 2 2 7 12 11 5 13 9 4 11 11 14 17 13 18 2 61 74 16 6 7 9 9 10 12 4 6 1 9 9 9 7 5 8 6 7 5 9 9 8 4 3 3 10 13 8 20 10 3 9 6 8 7 4 6 10 8 6 8 110
134 9 14 27 26 12 7 14 32 21 26 29 3 16 14 30 4 25 9 11 12 20 23 9 16 13 25 25 5 14 14 23 14 43 87 162 27 8 11 8 16 16 20 99 89 48 109 83 8 10 4 4 5 9 9 6 4 7 9 8 9 4 8 12 13 14 9 1 3 5 9 9 6 12 10 3 8 7 7 16 8 8 4 6 47 80 15 17 6 6 8 9 11 9 12 3 8 6 7 6 6 10 9 2 4 6 5 10 2 4 5 6 15 11 13 11 4 6 9 4 7 5 6 3 11 10 6 110
140 22 18 31 13 17 11 20 3 4 5 13 13 3 21 10 21 23 7 11 4 12 5 17 28 29 26 30 27 39 16 12 18 42 77 171 44 14 10 17 9 34 21 74 106 95 122 53 12 11 4 5 6 14 9 4 5 7 10 9 9 5 6 10 11 13 11 5 6 9 8 8 9 6 4 11 9 2 4 19 5 14 3 16 41 71 36 8 6 4 6 9 18 17 8 8 8 5 4 6 10 8 7 18 16 14 17 14 9 7 6 3 6 16 11 10 6 6 4 9 3 4 6 6 3 7 6 104
118 16 14 13 9 20 13 12 7 9 9 5 9 21 19 7 5 16 20 5 19 27 15 19 6 11 21 35 35 28 42 35 23 36 55 154 64 21 19 12 13 6 21 65 113 102 87 24 10 6 7 3 10 14 4 2 6 6 10 11 11 6 7 11 9 13 12 8 9 9 6 8 12 7 9 8 5 8 7 21 19 6 16 30 80 63 4 11 11 17 19 13 11 18 10 3 8 4 4 7 5 6 15 16 9 7 4 6 7 4 5 6 2 11 7 8 8 5 7 3 6 8 11 7 2 6 4 104
130 7 14 12 15 4 23 18 8 2 19 23 18 13 13 16 13 11 23 25 17 19 23 11 15 21 28 37 29 30 26 30 16 26 32 139 83 29 16 10 13 13 20 30 130 157 101 14 5 6 7 1 10 11 5 6 9 3 9 14 13 7 5 12 11 12 12 8 8 7 4 6 7 8 9 6 8 5 4 10 7 13 31 35 106 42 14 12 14 13 9 12 7 13 18 9 5 4 8 12 14 6 9 9 18 10 14 14 5 5 8 4 8 4 10 5 10 8 4 7 7 12 12 7 10 7 3 108
124 10 8 9 23 29 12 24 23 21 20 13 23 36 16 4 10 6 15 18 24 25 7 6 4 15 13 35 25 29 13 24 16 21 25 136 98 19 11 8 9 16 20 25 125 191 90 3 4 5 2 7 9 7 4 5 13 5 7 14 16 11 3 11 12 12 12 7 6 4 4 7 4 8 14 14 15 13 11 25 18 13 17 83 90 28 18 4 12 13 15 12 8 5 15 24 19 6 12 5 9 11 7 11 6 3 3 5 9 9 4 7 4 4 10 5 4 10 13 2 13 7 7 15 9 6 6 107
136 15 13 14 22 13 25 22 13 6 19 25 29 23 14 9 3 10 11 7 19 16 20 4 11 16 37 26 31 18 17 27 7 22 10 136 107 16 13 9 2 11 13 15 138 195 56 15 3 4 6 11 9 6 5 2 8 9 4 14 16 13 4 7 9 11 13 9 5 3 5 6 8 11 7 12 16 16 18 23 10 31 45 123 72 24 13 17 9 3 6 11 4 18 16 10 19 14 6 5 10 9 5 7 6 6 6 7 8 11 9 6 2 4 13 15 7 12 11 15 8 6 11 6 13 9 7 103
139 17 33 23 26 26 8 19 5 9 13 11 9 12 5 12 25 7 16 9 4 27 7 31 21 26 13 16 12 18 14 8 15 28 22 131 121 12 7 9 8 14 17 29 149 209 47 7 7 2 8 9 4 2 4 5 8 5 2 11 19 16 6 8 8 6 9 8 4 3 7 4 4 3 9 8 5 4 13 14 12 9 41 115 50 34 23 8 4 4 4 13 26 12 21 13 10 3 6 9 4 2 9 4 9 6 8 9 10 4 8 5 2 8 10 13 12 13 7 8 9 5 9 16 8 13 8 104
121 18 15 22 30 10 5 18 19 4 1 9 18 30 22 18 12 29 6 12 5 15 22 17 4 1 37 19 24 13 4 8 17 26 45 108 146 34 19 12 8 6 34 35 167 224 50 14 6 5 9 7 4 4 4 7 10 3 3 8 16 15 9 4 5 6 9 7 2 3 7 4 4 2 8 14 12 6 5 12 19 25 42 98 40 8 18 11 18 5 14 20 12 34 16 17 0 6 3 7 9 2 2 7 10 5 5 6 9 9 10 5 5 4 4 8 7 8 9 6 2 8 9 3 14 11 2 107
123 18 9 25 19 6 16 14 21 18 14 12 14 15 28 11 8 22 17 22 21 7 10 19 17 13 19 11 17 8 8 21 21 19 57 57 142 34 20 18 3 11 28 21 193 209 27 13 4 7 9 8 6 7 4 6 9 4 4 5 12 14 11 2 4 6 9 8 5 4 8 5 3 4 9 5 10 9 2 9 6 21 61 87 16 21 17 9 24 27 2 31 34 12 28 14 1 5 10 11 15 9 5 9 9 7 12 9 12 9 7 6 7 9 9 11 5 3 7 9 9 6 2 10 10 9 8 105
137 18 30 8 29 23 16 26 31 29 12 14 22 14 35 25 25 18 9 15 21 16 18 9 19 5 30 13 11 16 13 15 23 29 39 39 146 46 20 15 17 12 21 38 215 166 17 4 4 9 11 6 5 8 2 6 4 3 4 4 11 16 15 5 1 4 9 8 6 6 8 8 4 3 4 9 11 6 5 9 19 16 63 83 23 14 14 10 18 33 36 12 35 21 11 16 10 9 12 4 11 10 7 4 9 9 13 7 9 8 4 1 2 1 4 2 6 6 7 14 10 4 9 7 4 11 9 100
135 24 13 7 11 10 28 22 15 19 21 12 23 47 40 19 14 22 26 30 15 32 23 21 12 27 20 23 10 21 13 3 17 16 35 48 160 69 26 11 9 28 22 78 231 129 18 8 5 10 11 5 7 6 2 4 4 4 7 4 9 16 18 9 2 3 6 8 6 7 9 9 7 2 7 12 9 4 7 20 15 26 48 89 31 10 26 15 31 28 28 26 16 21 20 18 3 6 3 14 14 6 8 7 10 8 4 4 6 9 12 10 7 5 5 6 8 4 2 13 12 5 4 1 7 1 9 98
116 15 9 8 20 34 11 32 23 13 22 14 25 16 9 26 14 24 40 25 27 30 28 27 13 25 13 22 7 18 12 17 18 9 22 34 151 98 10 14 11 24 29 114 233 94 7 7 4 11 9 4 8 7 5 5 6 6 5 3 5 12 17 10 4 4 4 6 6 6 9 9 9 5 7 7 9 10 3 14 20 18 49 96 33 33 20 4 28 32 18 11 9 6 17 9 9 8 11 16 11 9 5 7 4 2 5 8 11 9 4 5 4 4 2 4 1 7 10 8 9 4 1 4 2 5 2 98
119 6 19 22 6 21 24 18 14 42 31 8 29 20 15 21 12 17 19 20 32 26 28 17 16 11 32 28 11 4 21 20 11 27 25 32 125 121 12 4 8 16 18 163 217 41 9 2 5 9 7 4 9 6 7 9 9 6 2 1 4 9 14 11 6 7 2 5 4 4 7 9 8 5 2 6 3 12 11 4 22 8 33 87 82 10 22 18 21 17 23 18 6 4 9 2 4 8 5 9 8 2 1 6 11 15 22 17 3 7 13 11 9 9 7 3 4 10 10 7 3 7 7 3 1 3 4 98
124 28 3 27 21 20 17 9 34 33 23 27 51 20 29 10 2 26 29 29 17 18 18 22 9 27 23 20 20 7 22 21 41 18 18 37 113 132 5 11 4 30 13 206 192 9 9 5 7 10 6 5 10 6 8 12 11 3 1 4 4 6 13 14 9 7 2 4 4 4 5 9 11 8 7 6 7 4 15 9 2 11 21 49 114 69 24 9 12 20 18 19 13 9 11 3 6 5 9 11 16 10 9 6 14 12 14 21 16 14 3 6 3 4 9 12 9 9 2 8 7 5 5 5 5 1 2 100
144 18 39 15 15 13 6 23 12 28 10 51 4 26 10 23 54 22 24 21 13 39 22 36 36 21 49 15 47 21 25 11 9 34 17 45 102 148 29 9 23 31 45 235 154 17 8 10 7 9 3 5 7 6 4 11 12 1 4 5 4 1 8 12 12 11 4 5 6 5 5 6 8 7 8 7 4 3 4 10 9 17 17 9 54 116 31 36 25 29 23 34 2 12 4 9 9 8 14 6 6 6 11 8 10 17 14 22 23 3 17 20 13 15 9 9 10 1 4 2 9 7 5 3 1 9 8 96
123 44 19 5 28 26 7 19 2 29 24 15 43 11 6 46 15 53 11 22 38 13 35 10 42 13 28 32 22 19 16 31 36 25 17 36 95 155 39 7 28 13 114 236 102 19 20 10 9 6 2 6 10 5 7 11 10 1 4 4 5 3 8 11 11 13 5 2 4 4 5 6 4 2 2 3 4 4 4 9 3 16 13 23 15 69 64 6 18 4 11 11 19 4 8 18 4 8 9 10 12 7 7 8 12 13 16 18 8 15 19 5 10 11 14 10 6 4 3 5 4 9 7 4 9 9 6 94
105 6 25 22 6 19 14 26 37 15 27 16 19 44 11 23 57 31 26 48 17 39 25 22 30 35 20 44 36 25 42 19 25 9 19 32 69 157 69 10 25 27 188 205 34 20 9 9 10 3 2 10 9 5 9 11 9 4 5 7 7 5 8 13 15 16 9 3 4 4 2 4 6 3 2 2 2 3 4 6 7 4 26 4 12 40 74 52 17 24 11 17 8 11 14 19 22 19 16 9 4 9 6 17 9 6 4 9 9 10 13 18 15 14 5 7 9 7 3 7 11 3 11 9 14 17 6 94
126 30 28 34 21 21 15 11 30 25 19 25 28 23 27 36 9 26 55 10 43 13 48 33 8 17 52 22 43 11 11 37 18 29 7 42 48 165 84 6 18 58 235 147 20 19 13 10 4 1 6 10 6 6 12 9 6 6 4 5 5 3 6 11 17 17 12 4 6 4 1 3 4 5 5 2 2 5 4 5 4 7 9 20 9 14 53 83 69 14 16 6 8 13 18 26 7 13 17 20 8 9 11 12 15 15 13 12 10 3 8 14 8 9 11 11 8 9 6 8 13 12 8 15 3 19 9 97
133 14 7 29 29 19 9 3 9 23 13 24 27 21 37 21 24 31 20 13 16 49 10 16 16 18 24 38 36 7 38 13 24 9 12 34 55 169 74 9 26 122 248 85 23 11 5 8 1 3 8 10 2 7 11 5 3 7 5 6 5 2 4 8 15 19 16 8 4 3 2 4 5 4 6 6 4 3 4 3 8 6 13 14 9 7 14 42 101 36 17 9 22 22 25 14 10 15 10 25 10 7 15 10 7 6 3 13 11 4 6 6 4 7 1 6 5 2 14 12 10 14 10 8 10 10 12 99
114 32 36 15 24 8 10 10 15 10 25 17 22 14 24 8 27 16 35 28 53 9 33 24 27 25 21 15 6 14 12 21 24 26 12 15 54 141 81 16 16 204 208 20 11 13 4 2 2 7 10 5 3 8 9 7 7 9 8 6 7 4 4 6 12 20 20 13 4 3 3 2 4 5 4 6 7 6 4 4 6 2 5 7 13 15 5 18 75 96 14 20 15 20 31 25 11 18 6 20 13 10 12 12 6 5 3 8 9 10 7 7 6 4 9 12 13 14 10 14 7 5 12 8 6 7 2 102
116 17 5 16 12 31 34 13 7 5 20 15 25 19 21 17 10 10 28 45 20 11 10 71 38 31 22 2 26 19 31 7 6 35 23 24 24 123 97 21 68 246 135 24 9 6 18 8 4 7 7 3 5 7 5 9 9 10 7 1 4 3 2 2 6 15 21 15 7 1 4 4 1 3 3 2 6 5 4 4 4 8 2 6 9 6 19 24 25 96 77 21 32 32 21 24 11 15 6 16 19 21 5 10 6 6 3 4 4 6 11 14 4 5 8 10 4 10 3 8 10 16 15 5 5 6 11 99
128 9 5 13 12 40 29 34 16 28 18 14 25 12 24 42 9 10 13 19 17 11 48 4 53 30 7 11 14 28 40 29 21 26 29 15 28 138 99 16 133 243 85 22 16 19 16 20 7 9 7 5 6 6 5 6 9 11 9 3 6 4 2 5 1 9 18 17 7 1 2 5 2 3 3 3 5 6 3 5 7 6 12 15 13 12 6 11 41 40 76 57 10 6 36 12 13 13 9 8 14 27 16 20 5 6 9 12 9 15 16 16 9 5 14 17 14 8 2 3 11 14 11 14 4 13 3 93
118 8 16 16 4 19 24 43 35 16 13 12 37 24 25 27 44 16 5 2 21 26 17 35 8 31 4 7 23 27 15 36 10 10 25 23 39 125 107 26 210 198 22 23 6 20 18 11 6 7 4 2 5 6 6 6 10 11 8 1 4 3 4 4 5 12 17 16 10 3 1 4 2 1 1 4 4 6 6 5 7 11 9 5 9 10 9 17 10 16 39 86 39 37 7 19 7 15 15 13 10 17 23 6 16 11 15 5 8 4 11 9 17 18 6 11 12 7 6 7 7 9 4 6 6 6 12 101
134 30 18 25 26 16 44 16 19 28 16 44 26 19 9 38 18 27 27 12 35 10 53 22 2 19 38 23 24 13 36 2 6 21 21 15 51 120 91 93 238 134 13 28 9 4 22 5 13 7 4 5 7 7 7 11 13 7 4 2 3 2 2 5 14 14 15 11 6 4 2 2 3 0 1 2 4 4 5 9 8 8 12 11 7 4 8 13 24 8 18 61 100 24 34 22 21 10 9 25 15 15 16 9 14 10 8 19 12 14 13 8 14 8 13 7 6 6 4 3 1 7 9 5 8 6 5 105
139 13 29 26 8 32 13 38 24 17 9 9 31 13 11 11 25 21 21 26 9 25 6 10 21 26 10 28 34 43 9 30 17 9 21 26 14 131 105 168 229 52 21 11 4 14 6 7 9 6 5 8 7 7 9 11 6 3 6 5 2 2 3 9 12 10 9 7 8 7 4 2 3 0 0 2 2 3 4 6 11 10 10 13 15 15 9 10 8 18 15 16 86 86 30 23 26 12 15 22 14 16 18 10 6 4 13 7 17 16 4 17 12 15 14 10 7 6 10 14 6 5 5 4 7 6 7 105
120 13 21 19 30 5 22 12 7 15 20 14 11 24 25 36 38 6 30 22 47 25 42 9 20 8 25 1 45 26 13 19 19 20 11 21 20 136 79 255 177 8 11 9 14 8 2 13 11 2 8 9 6 7 9 6 3 1 2 4 4 4 4 9 10 6 3 7 10 10 8 4 3 0 0 2 2 1 2 3 4 6 3 5 9 10 9 7 7 10 10 22 39 92 73 11 25 12 33 9 31 10 19 23 18 4 5 10 9 7 7 4 13 7 11 17 17 16 16 13 10 0 1 8 8 4 7 101
138 25 41 21 24 8 16 22 21 19 46 22 4 29 42 59 34 26 17 20 31 9 13 4 8 15 18 8 5 38 25 42 13 22 11 33 39 135 189 239 37 15 12 16 9 7 8 7 7 2 9 10 5 6 9 7 4 4 6 6 4 6 9 12 9 4 4 7 8 11 9 6 2 1 1 2 2 0 1 4 6 4 5 5 3 9 10 6 4 13 15 22 30 43 91 64 36 41 11 34 23 34 15 18 10 5 5 3 5 9 6 10 11 16 17 9 7 9 14 18 16 11 12 12 8 4 11 113
128 33 16 23 6 28 6 41 13 70 37 47 22 17 58 3 33 32 12 11 17 27 34 4 16 2 30 20 34 13 36 17 18 7 22 24 83 107 192 53 25 9 22 14 9 12 8 22 13 3 11 10 3 4 10 9 4 4 5 2 5 12 14 13 6 2 7 6 6 11 8 6 4 2 1 3 3 0 1 4 5 6 8 8 7 6 8 17 15 8 21 17 19 16 57 94 30 28 24 32 10 17 20 12 11 2 4 12 9 11 7 16 17 4 7 12 13 11 13 17 5 9 8 6 12 9 14 108
117 29 14 8 27 32 42 29 37 29 58 26 14 36 32 47 29 14 34 15 18 14 20 32 8 21 5 31 20 15 29 34 26 35 16 39 124 94 50 7 11 29 12 3 7 15 24 10 2 3 12 11 2 2 9 9 5 5 4 2 9 13 12 6 2 4 9 6 8 12 6 5 5 2 1 2 3 1 1 3 3 5 10 10 5 6 12 20 9 18 5 16 12 17 30 81 66 30 21 32 29 45 12 14 10 8 20 20 5 10 17 14 6 9 8 6 10 7 13 14 18 4 9 17 16 6 9 103
101 30 12 25 33 31 5 26 5 39 53 16 28 18 39 42 22 32 13 4 11 40 23 7 26 11 48 12 24 9 9 13 42 37 26 100 131 38 11 21 26 11 9 6 10 11 10 5 11 4 13 10 4 4 10 9 5 5 3 5 10 12 10 2 4 8 11 3 11 14 6 6 4 3 2 5 7 8 7 5 8 13 11 3 8 8 4 10 17 18 10 24 13 42 22 103 89 76 18 26 37 20 22 7 8 14 12 9 17 4 12 15 13 5 10 13 10 5 14 4 23 20 20 22 5 9 8 97
90 11 38 21 19 7 19 13 11 34 17 36 26 9 10 28 19 25 11 35 21 29 34 16 16 29 23 29 21 14 25 21 23 19 68 128 72 26 28 9 12 15 13 15 6 13 6 12 3 8 11 8 4 7 11 4 4 7 4 8 8 9 11 3 9 11 9 4 8 12 14 6 1 1 4 9 9 9 12 9 6 4 15 15 6 8 4 9 13 11 36 11 46 31 82 185 149 148 106 15 30 35 19 8 9 5 18 17 4 16 7 13 14 14 22 13 17 16 24 20 4 10 8 9 19 16 20 108
101 24 24 13 8 13 9 18 20 5 5 32 14 27 30 25 18 5 25 20 30 25 20 31 25 15 40 51 19 13 28 32 19 51 110 84 22 21 9 14 7 6 14 10 12 15 8 6 7 9 11 5 4 7 7 5 5 7 2 9 11 13 9 5 13 11 4 7 12 12 10 8 1 1 4 6 7 5 4 15 8 6 9 17 8 10 8 5 21 22 23 24 26 53 163 206 51 74 171 144 40 32 33 11 9 16 11 13 17 7 10 10 21 13 17 7 16 17 9 17 9 8 11 11 10 7 5 117
109 10 11 16 4 19 24 26 17 8 35 14 43 14 11 35 9 27 20 17 23 28 29 25 20 19 60 11 43 23 16 7 13 91 102 38 14 12 20 7 8 10 7 7 11 10 10 5 9 13 9 3 5 8 4 6 7 5 3 11 16 13 4 11 13 8 2 11 14 11 6 5 3 2 1 5 9 8 5 7 21 13 14 22 22 16 4 22 12 28 23 18 42 145 207 101 52 36 48 155 184 76 33 38 10 10 21 10 13 13 21 16 15 8 11 6 8 22 20 15 6 5 4 4 10 16 18 111
110 13 16 25 9 23 14 18 22 10 3 37 19 29 14 12 36 28 28 25 20 24 18 20 22 22 20 27 14 9 23 17 55 125 59 16 26 16 13 18 8 2 4 11 5 1 7 7 9 17 8 6 6 8 4 4 7 2 4 14 17 7 8 15 10 4 5 13 12 6 4 4 4 3 3 2 7 9 6 6 21 7 29 43 89 51 19 10 17 20 13 24 129 202 124 42 32 17 51 19 109 179 68 12 21 11 22 15 15 16 5 21 12 7 3 11 10 4 1 7 9 4 1 8 7 2 5 98
99 13 9 30 24 21 16 14 8 31 18 14 26 10 27 21 25 33 17 15 10 7 11 16 17 10 16 25 16 30 6 55 107 81 11 26 15 12 19 12 7 4 7 5 2 2 4 3 14 16 9 10 4 4 3 4 7 1 6 17 14 3 16 15 6 2 9 12 7 4 6 8 6 4 6 5 7 6 4 4 11 26 41 98 75 110 48 16 22 15 39 125 197 139 35 44 23 12 33 46 16 96 143 62 16 19 10 31 4 5 14 12 9 10 4 5 9 12 18 16 4 7 6 2 8 8 5 105
123 27 26 13 30 11 21 9 17 12 40 36 12 24 20 17 19 16 38 46 54 34 2 13 18 26 11 25 19 7 36 75 85 26 24 8 9 16 13 6 4 2 3 5 3 4 5 5 13 14 5 7 5 6 5 5 9 3 10 17 8 10 18 8 2 7 11 8 4 4 7 9 8 3 4 9 9 6 4 9 9 25 15 124 43 90 110 33 48 58 107 173 127 23 36 12 9 6 15 34 50 33 136 96 24 19 18 20 19 5 16 13 16 12 7 6 6 17 16 14 11 3 7 5 1 4 5 103
126 4 15 17 20 11 26 15 14 13 12 15 18 13 18 24 30 8 39 26 35 48 15 25 33 23 15 38 14 24 47 81 52 20 13 8 10 14 12 11 10 3 2 2 8 11 4 8 9 10 8 7 8 8 6 5 9 5 13 16 4 11 12 8 3 8 9 9 9 10 9 7 6 2 4 7 8 9 10 9 14 28 15 100 83 54 97 102 94 89 105 122 43 30 25 19 9 12 18 19 29 42 70 113 46 25 23 15 19 18 22 7 17 8 6 4 5 12 8 18 5 4 4 7 7 5 4 106
128 31 15 26 22 10 15 19 6 25 41 44 31 27 22 14 24 28 40 34 15 16 31 34 24 30 33 15 50 14 102 88 31 23 12 11 10 3 9 15 6 2 3 8 13 9 13 9 4 9 10 11 13 8 10 6 9 9 16 18 4 13 8 4 3 5 11 14 9 4 1 4 4 1 4 3 4 12 15 12 16 23 17 97 112 23 30 59 27 54 40 107 50 34 20 18 12 11 28 13 25 44 27 115 89 22 39 13 11 25 11 22 17 5 9 4 8 11 23 15 7 9 8 8 8 10 13 101
144 46 37 2 33 32 24 21 33 34 27 19 19 40 45 26 55 44 44 46 13 10 25 27 35 9 55 71 16 113 120 33 12 25 5 10 5 4 7 10 4 4 3 11 10 1 9 8 4 4 3 8 9 6 10 11 4 11 15 5 9 11 10 8 4 9 14 12 3 4 4 7 6 1 4 6 4 4 8 13 22 11 9 69 109 34 33 24 34 28 27 90 84 51 33 8 15 32 33 14 18 28 62 81 119 30 34 29 10 6 23 17 6 7 10 13 18 13 12 16 15 18 16 15 12 11 8 99
104 37 26 47 39 16 46 22 10 29 37 41 42 28 17 3 24 15 23 43 41 22 24 38 15 46 44 35 128 142 37 18 18 17 3 10 5 3 3 9 9 4 8 12 5 8 14 9 5 5 4 8 4 5 9 8 5 10 10 4 10 13 8 5 5 10 17 13 4 2 3 5 6 3 3 6 7 7 8 10 10 15 8 60 90 27 13 20 15 14 25 63 105 94 42 19 22 57 9 25 28 13 72 34 119 86 22 24 23 5 19 8 11 5 15 15 17 13 8 16 9 3 9 6 4 7 4 107
104 49 45 14 22 45 21 25 15 25 21 14 25 28 12 20 20 21 29 6 16 27 8 21 10 9 57 80 114 60 24 9 9 14 11 4 2 4 4 4 6 1 9 11 5 13 13 4 1 2 2 8 5 4 8 6 4 9 7 5 14 12 5 2 7 14 17 12 2 2 2 4 7 5 2 5 6 8 10 8 7 2 13 53 88 24 19 5 14 13 42 40 80 121 97 37 39 35 21 28 31 34 57 67 110 92 26 18 20 7 10 15 4 3 14 20 15 15 11 24 25 21 14 12 8 7 9 102
125 33 29 32 30 17 29 10 27 18 48 53 25 10 20 10 11 14 5 26 33 21 13 33 33 18 33 51 99 69 57 6 15 9 2 7 5 6 6 6 9 5 6 9 6 11 5 5 1 2 5 6 3 4 8 5 2 7 9 5 12 12 6 4 12 14 16 9 3 4 2 5 8 5 2 4 5 7 10 11 10 19 7 47 94 42 17 11 23 25 14 62 24 66 106 48 46 20 21 36 39 15 67 72 93 51 22 19 13 9 4 10 15 10 15 23 19 12 31 18 14 9 5 6 4 3 4 100
131 24 23 10 10 31 38 18 7 26 28 25 47 31 39 43 35 9 25 28 13 12 20 29 40 31 30 25 79 138 87 52 11 4 10 10 4 5 6 12 7 4 7 8 5 9 4 5 7 5 4 6 3 4 6 6 1 5 9 8 7 9 7 6 16 13 10 4 5 4 3 5 8 4 3 3 3 4 8 9 17 2 13 48 107 44 36 33 32 22 43 21 33 14 84 117 54 62 30 31 16 55 69 96 68 28 27 14 6 10 17 11 11 4 4 18 31 21 10 27 18 10 5 4 9 13 11 99
101 15 7 15 10 27 31 30 13 11 35 55 40 25 9 28 27 36 29 4 25 29 38 44 38 31 51 27 70 50 74 76 37 3 10 11 14 5 7 5 6 3 8 6 6 8 4 6 7 3 4 7 4 2 4 6 5 2 6 6 6 5 5 10 16 9 4 4 3 5 5 6 7 2 2 2 2 3 4 17 5 13 12 19 94 90 17 12 23 29 18 19 17 26 49 141 98 52 25 52 33 61 88 102 56 25 15 14 13 17 11 7 7 12 8 13 7 18 17 13 10 8 8 14 17 13 9 91
117 15 11 16 24 38 34 15 24 25 27 35 11 30 35 31 33 11 20 37 19 7 12 4 51 28 24 49 28 53 100 63 9 14 19 6 13 5 10 11 5 7 4 6 12 8 5 7 2 3 5 8 4 1 4 5 5 4 2 2 3 2 4 13 12 6 2 4 0 6 6 6 6 3 2 3 1 2 5 4 18 17 4 19 35 96 52 12 18 36 33 20 18 25 19 75 126 83 71 78 29 61 101 66 23 17 13 20 8 21 11 16 24 11 10 15 11 13 18 17 19 3 4 9 6 7 14 94
114 20 15 40 15 32 16 33 38 16 33 19 31 24 31 21 15 34 37 6 32 28 35 34 37 48 20 36 21 22 109 133 22 27 22 13 15 11 12 13 8 3 5 9 8 4 4 2 4 6 9 8 4 2 4 6 5 4 4 2 3 2 10 14 10 8 3 7 4 7 8 4 4 3 2 3 2 4 5 5 9 10 20 6 29 90 54 11 17 12 10 30 30 33 47 13 46 53 66 55 27 44 47 27 15 12 18 13 25 4 10 17 18 25 26 20 14 8 16 21 7 10 11 9 7 12 8 103
99 5 26 42 3 39 13 31 8 18 6 15 17 16 13 6 27 4 47 51 16 15 42 29 16 24 15 17 58 37 36 130 126 19 24 19 4 14 13 14 10 6 5 7 6 1 2 4 7 8 7 4 1 7 10 3 4 4 5 5 2 10 14 11 5 8 6 8 4 7 6 3 6 1 2 3 2 1 4 10 10 9 9 10 16 57 105 29 25 29 43 22 13 8 19 29 13 16 18 27 34 37 25 24 23 15 16 11 19 12 15 7 21 20 18 18 19 17 11 7 16 8 12 10 9 5 11 100
112 32 15 40 31 44 15 23 17 12 27 11 21 14 11 30 7 28 17 36 44 20 10 22 18 27 19 26 12 66 42 26 120 90 8 17 18 4 27 15 16 4 6 6 3 2 3 4 4 4 2 0 2 4 6 7 3 4 1 5 11 13 10 4 5 10 3 12 11 13 14 6 4 1 2 3 1 2 3 6 11 10 13 20 15 18 89 49 13 30 21 19 13 18 30 16 24 21 16 17 43 25 23 17 15 17 33 17 20 32 16 21 19 22 25 16 8 22 25 5 17 9 8 8 3 10 12 99
126 29 25 13 26 8 16 17 36 21 13 40 36 16 25 8 22 18 35 30 19 11 9 16 50 16 41 47 43 25 20 30 48 102 55 14 17 18 5 22 9 4 5 5 1 7 8 6 9 7 2 3 3 4 4 3 3 2 3 10 12 9 4 6 10 6 4 6 10 14 3 5 2 1 1 3 3 2 3 6 6 11 9 29 16 16 76 82 41 31 26 22 30 17 12 20 14 26 24 15 19 14 17 20 16 30 7 20 16 27 6 17 21 12 8 21 23 8 28 15 10 11 9 4 4 3 13 103
131 22 24 4 4 16 22 21 22 44 33 19 10 39 8 16 10 5 3 14 22 9 5 35 16 28 46 48 43 42 25 18 38 95 36 6 15 5 14 16 6 5 5 4 1 11 4 4 6 11 7 1 5 6 6 4 4 3 10 9 6 5 5 8 8 5 1 7 10 16 14 5 1 3 3 3 3 3 4 5 3 7 11 14 19 14 51 79 37 29 39 31 25 34 26 9 19 14 29 25 9 12 12 17 17 14 25 9 14 16 25 19 17 18 27 23 9 14 11 13 10 6 9 6 2 7 3 106
104 35 25 28 7 12 8 13 19 12 32 9 11 12 22 24 19 26 25 31 18 13 6 19 17 15 37 39 39 12 27 15 25 104 103 25 30 17 11 9 2 7 5 5 2 12 8 9 10 10 5 4 5 5 6 7 3 10 7 5 6 3 8 1 5 11 14 6 11 8 18 7 4 4 5 2 1 3 3 3 2 9 6 7 11 8 16 91 65 17 19 40 34 21 28 15 17 26 24 31 18 6 9 9 11 4 16 16 19 26 28 21 22 21 10 21 22 12 14 12 9 16 14 8 13 6 4 101
108 30 18 34 24 9 8 19 16 11 16 34 22 16 16 7 9 23 5 17 49 15 37 36 17 18 33 42 17 5 5 11 45 16 92 125 81 26 19 16 10 7 4 7 8 3 11 10 9 4 3 6 4 2 3 4 7 2 9 8 6 8 2 8 4 14 11 14 8 10 11 5 4 1 4 4 3 4 4 8 4 5 11 5 2 12 8 67 98 26 27 24 30 26 21 30 33 15 19 28 22 19 11 21 18 11 9 20 23 21 23 17 13 16 22 22 33 29 12 6 17 7 14 22 4 10 3 103
117 35 40 17 22 16 6 10 11 19 21 9 29 35 5 25 17 16 9 21 33 64 27 37 27 41 27 27 28 36 39 56 16 32 9 47 128 102 30 28 20 2 3 6 13 9 9 3 2 4 6 4 2 3 2 2 9 5 8 12 9 6 7 7 13 6 6 16 16 15 18 5 3 0 1 4 2 1 2 6 9 12 6 9 5 6 9 30 86 64 19 18 30 7 21 28 24 14 15 25 11 12 21 14 18 18 12 14 19 21 34 15 42 27 23 37 26 12 18 13 15 29 30 3 20 7 9 103
101 4 27 38 32 20 10 11 6 8 12 17 6 27 38 23 42 10 27 23 14 41 55 21 26 21 48 45 17 44 55 19 21 15 24 42 16 85 105 86 11 16 10 9 4 14 14 10 7 6 4 2 5 5 7 13 4 15 10 8 13 12 18 9 15 6 9 4 14 32 12 6 1 2 3 3 4 2 1 8 13 7 12 10 3 9 6 17 69 79 28 25 7 20 28 36 24 17 10 12 15 9 6 17 18 12 16 18 13 16 9 16 25 29 29 22 29 23 21 13 11 15 18 29 6 25 21 97
119 49 61 85 83 93 34 11 16 9 17 17 12 14 20 30 13 5 15 13 19 6 12 16 20 18 16 18 4 16 10 31 14 9 8 18 27 29 43 95 80 29 24 28 20 21 8 8 5 3 2 1 4 9 10 9 10 6 4 10 13 22 11 18 17 23 12 11 18 8 26 10 3 6 4 4 3 3 4 4 7 13 5 3 10 5 6 15 46 93 35 38 9 31 24 9 4 16 20 21 16 12 10 15 10 17 20 10 11 5 14 16 7 16 17 27 40 38 14 16 23 5 19 17 35 22 17 123
154 72 68 62 71 91 105 55 13 5 14 9 4 5 6 7 20 16 10 15 4 8 20 27 23 17 7 12 14 18 17 18 12 8 12 20 12 6 32 64 101 18 16 22 20 18 26 21 19 18 18 17 18 16 16 16 10 8 6 8 16 11 25 9 20 35 53 79 30 17 14 22 5 5 3 3 6 4 2 2 1 4 2 4 6 5 4 5 17 75 69 3 6 21 29 31 21 19 17 17 11 6 5 5 14 24 17 65 76 72 77 78 44 4 30 34 26 29 16 7 20 34 26 9 14 35 34 89
179 41 47 58 75 79 116 40 22 10 11 6 10 5 13 13 11 10 10 5 8 14 22 23 29 17 14 13 20 2 26 4 27 15 11 5 14 5 11 80 85 6 2 7 8 8 17 15 17 18 20 23 25 26 27 33 26 23 12 24 13 30 62 74 74 50 85 69 100 28 23 9 9 9 4 6 4 4 1 2 2 5 5 0 5 7 9 10 11 31 80 45 18 27 23 7 12 8 8 7 6 9 8 10 24 9 71 90 69 66 67 84 105 101 55 28 21 6 12 8 9 8 6 8 4 4 8 86
110 65 75 66 54 44 66 36 12 20 8 10 1 15 8 8 15 15 10 17 12 18 9 8 11 23 18 15 3 14 19 26 15 11 12 4 14 17 13 86 63 9 8 5 9 4 4 5 3 2 4 4 3 4 5 6 30 23 18 17 40 90 60 33 41 14 29 54 95 41 12 3 4 15 8 6 5 9 8 4 3 2 5 4 1 4 5 9 6 21 68 65 42 20 21 24 20 17 20 17 14 17 19 24 27 13 68 90 61 59 60 48 11 52 99 84 50 14 14 9 11 11 10 2 4 7 7 92
179 132 127 135 147 99 83 58 16 10 14 9 24 3 6 19 21 25 30 21 13 6 28 16 51 64 38 23 25 20 12 17 10 16 14 26 15 18 24 89 52 8 13 7 6 5 9 4 5 3 2 1 3 5 4 12 9 21 11 13 139 174 131 121 114 115 119 110 157 149 20 5 7 9 9 5 11 8 10 8 4 3 4 4 3 3 4 7 7 10 39 59 78 68 84 64 59 50 49 48 43 37 31 31 25 50 36 56 53 50 55 52 77 80 45 26 66 42 8 13 4 1 8 6 6 8 7 92
251 112 123 116 96 88 108 93 44 31 24 49 35 7 18 22 45 29 19 15 28 15 14 44 59 35 27 26 18 36 27 13 9 13 18 9 28 7 68 102 28 9 1 13 6 3 4 12 2 2 1 1 3 4 3 5 16 17 27 130 255 180 150 159 150 151 164 135 173 255 164 12 7 8 7 5 12 10 13 6 3 1 4 4 4 4 4 7 7 15 26 139 175 162 173 175 163 158 156 159 158 156 157 159 152 162 160 137 115 113 108 97 106 93 89 78 35 20 25 7 3 2 4 12 9 1 3 85
242 19 16 30 89 200 125 45 53 25 38 26 43 22 40 30 37 20 25 13 38 21 7 17 27 43 59 15 41 16 19 8 28 15 8 19 10 35 115 66 6 9 12 1 8 5 9 5 8 1 1 1 1 1 1 3 18 23 13 233 225 19 20 11 20 22 15 10 36 138 255 96 3 11 12 8 8 10 16 4 5 1 6 4 4 4 3 4 16 19 13 190 197 97 63 81 85 80 80 87 91 93 100 107 103 90 97 100 86 92 104 95 122 133 124 166 204 145 14 24 9 8 13 9 9 4 4 91
230 29 12 33 138 175 19 79 16 49 53 62 26 17 27 23 10 38 36 49 28 54 23 38 26 41 18 55 9 37 8 24 18 21 9 26 36 88 83 5 7 11 9 8 5 8 5 9 6 4 1 2 4 5 3 15 11 17 104 249 114 37 19 20 20 30 33 21 32 47 223 209 29 5 8 18 4 5 10 12 4 2 4 4 8 10 10 15 18 11 7 82 255 117 21 14 22 25 25 26 25 26 28 32 19 33 36 39 36 28 21 15 29 20 39 23 104 195 112 22 17 24 5 10 13 11 3 84
236 9 33 32 189 110 39 10 54 36 16 34 31 28 38 37 13 23 34 44 35 42 49 29 20 29 28 28 37 46 27 17 46 15 17 24 73 106 30 4 6 14 13 4 6 4 6 5 4 6 4 4 6 6 5 12 21 11 137 215 81 24 15 9 37 12 34 26 36 38 79 255 111 17 13 15 7 9 10 11 6 6 6 4 9 6 5 13 12 26 19 29 195 229 26 16 16 12 10 6 5 8 9 8 13 12 13 16 15 14 14 9 20 24 22 42 25 136 142 40 16 21 18 10 19 17 19 92
227 20 35 78 215 71 31 10 17 14 35 38 36 19 48 34 11 40 26 37 22 30 53 59 45 30 37 18 15 20 25 32 13 32 32 16 99 75 12 4 11 5 8 9 5 1 2 2 7 6 6 7 4 5 11 14 9 17 147 213 66 24 13 21 15 17 5 38 22 37 30 212 235 38 21 9 18 14 17 3 5 4 6 4 4 5 10 8 19 19 20 9 125 247 68 25 15 10 9 6 9 7 6 6 14 5 11 13 4 9 8 9 19 7 17 18 32 149 123 20 17 13 14 2 5 19 9 106
226 17 25 131 187 20 41 14 17 19 32 49 39 30 52 7 26 12 37 15 23 36 40 13 35 50 47 16 20 18 4 25 65 28 27 32 103 50 8 6 9 7 1 6 7 5 4 2 7 8 9 5 8 8 8 14 10 51 142 194 71 21 19 14 17 16 20 13 24 18 54 79 255 126 13 22 25 9 11 12 4 4 5 3 4 4 9 9 6 16 16 16 61 246 138 20 11 10 10 9 9 9 9 11 5 11 8 9 6 7 9 17 7 18 7 17 9 130 159 22 11 10 13 22 24 17 25 96
222 25 18 165 147 22 26 29 14 20 19 20 36 48 18 50 40 33 41 21 27 51 31 48 29 12 30 42 16 39 19 59 42 56 17 65 94 30 11 8 6 9 7 3 4 6 5 6 10 6 9 9 7 11 11 8 44 60 91 165 92 10 21 15 8 23 12 8 20 14 24 29 192 213 40 11 5 26 14 6 3 5 6 3 5 4 7 4 16 10 27 14 18 202 200 12 16 8 12 10 5 2 3 3 7 4 9 6 4 2 7 17 23 15 10 10 33 76 189 65 19 1 6 21 6 15 23 86
228 27 42 182 108 9 9 27 24 51 16 57 45 26 60 41 14 4 28 17 13 16 34 25 27 13 12 41 28 35 24 24 40 24 65 98 64 7 4 8 8 6 4 3 2 5 8 9 10 11 8 9 8 7 10 30 67 35 67 174 97 37 28 6 7 8 10 11 9 21 22 35 99 255 101 17 22 20 16 7 4 6 6 4 5 6 6 10 4 15 10 13 28 156 230 35 20 7 11 9 2 5 5 3 5 9 6 4 6 8 9 14 9 18 10 9 16 40 168 97 24 17 7 11 11 10 5 79
223 24 80 178 68 11 16 16 43 47 59 25 40 58 14 20 25 22 42 27 26 56 4 24 36 33 29 20 26 21 31 29 30 51 99 77 21 14 9 17 8 6 3 1 1 5 10 7 20 14 11 8 7 9 25 63 52 27 32 178 118 29 20 11 7 12 13 14 7 10 19 34 23 215 201 26 12 21 13 4 7 6 5 4 6 5 6 7 13 10 10 17 26 121 228 78 18 10 14 9 4 4 8 9 6 5 10 12 9 6 12 17 20 5 13 10 11 17 133 164 37 26 18 11 4 4 24 85
220 25 93 166 54 7 13 19 51 56 29 47 50 43 35 27 37 19 33 43 51 28 13 43 18 14 23 13 24 10 41 22 21 73 80 26 17 22 13 7 7 3 4 2 4 6 8 12 11 23 6 16 13 11 52 66 21 22 30 169 128 18 26 12 3 9 9 16 17 7 10 20 45 102 255 99 16 13 12 5 7 4 5 5 6 2 8 6 14 8 12 14 24 95 219 99 19 9 15 10 4 5 11 5 8 8 7 8 10 7 9 15 18 13 4 7 12 33 69 196 92 16 28 4 4 17 17 96
218 11 114 164 37 4 30 27 11 56 60 20 55 29 29 18 15 40 27 17 18 41 34 38 17 6 25 5 10 26 26 27 36 68 56 14 25 6 12 5 5 1 3 5 4 6 5 5 20 10 16 20 15 16 80 79 26 24 32 158 119 21 8 7 4 5 6 12 11 16 7 13 41 38 233 172 17 14 9 11 6 5 8 8 6 3 8 10 7 9 20 15 19 80 223 102 20 9 14 9 5 4 13 6 5 4 8 10 8 6 9 17 4 13 5 7 8 27 26 144 174 34 9 14 14 12 23 93
217 31 139 145 8 31 25 13 28 18 17 55 32 36 18 10 22 20 17 49 60 16 25 25 14 25 13 51 22 3 21 27 60 56 21 13 8 12 3 9 4 5 6 5 5 4 1 9 8 16 8 20 17 74 128 37 59 41 18 145 136 29 9 20 3 2 4 6 6 3 8 3 4 51 128 255 71 18 11 13 7 9 5 2 3 7 4 12 12 5 15 19 20 93 221 96 22 14 26 5 7 7 9 9 2 8 6 10 9 5 5 5 7 6 10 8 10 11 31 31 191 116 18 14 5 2 8 77
227 31 160 136 28 27 27 23 34 27 39 12 47 19 24 19 32 40 29 52 24 46 6 13 31 28 50 33 47 28 22 50 65 38 14 10 4 5 4 3 7 8 7 6 4 2 3 2 4 12 19 3 66 115 60 69 44 16 26 144 140 14 24 10 4 3 4 8 9 7 5 5 13 43 51 253 147 23 10 9 11 5 3 3 3 1 8 5 7 5 7 7 32 112 232 87 39 17 9 18 9 10 5 9 7 6 7 3 2 4 1 4 3 5 4 9 5 8 19 30 108 151 29 17 19 5 11 88
239 23 161 137 10 4 9 30 25 31 16 37 25 40 40 45 43 23 22 22 42 25 9 22 45 17 58 36 26 14 33 80 45 23 6 9 10 8 5 9 10 8 6 4 2 1 5 5 5 8 9 24 92 89 29 61 8 28 34 123 153 16 18 4 6 6 7 8 6 8 8 11 18 32 30 175 220 42 18 11 10 11 6 4 4 3 7 10 9 11 13 14 12 121 212 70 33 15 10 18 5 14 11 13 6 4 6 7 5 2 3 4 6 6 3 4 7 13 15 29 77 151 40 18 13 11 13 87
243 19 179 122 9 13 7 10 21 16 26 11 31 47 47 28 42 36 31 7 27 61 49 18 39 26 23 8 19 46 82 53 17 6 4 5 10 9 7 9 6 5 3 1 2 3 4 6 6 5 4 47 97 42 40 33 15 25 26 92 139 24 13 7 2 7 8 7 5 8 9 16 15 32 35 86 250 118 11 8 7 6 12 5 7 6 6 12 4 16 3 6 28 128 255 96 43 36 9 17 12 12 19 11 9 4 4 3 4 4 3 8 5 6 4 4 9 14 10 15 61 162 75 34 17 10 6 92
245 76 198 73 23 17 9 4 29 52 25 24 30 21 32 21 4 35 30 5 33 8 41 25 16 6 43 24 30 84 56 13 6 3 5 7 4 4 2 3 3 2 1 3 3 2 3 2 6 3 5 62 76 55 56 56 33 35 54 126 130 19 23 9 8 6 6 6 3 6 9 9 19 12 39 29 209 190 27 11 14 15 10 6 7 4 4 3 17 14 6 20 7 24 208 255 77 38 53 29 18 23 12 17 6 7 9 9 7 4 5 6 4 8 5 5 6 14 11 19 23 155 125 15 22 14 11 92
231 138 175 17 27 20 14 28 44 6 26 33 42 17 20 7 27 27 10 25 28 73 22 30 12 55 11 39 88 66 2 8 4 3 5 6 4 2 2 2 4 1 1 1 1 1 2 1 5 3 28 55 26 59 29 27 29 28 52 112 185 71 29 23 4 4 4 5 3 5 6 8 27 13 12 55 119 241 80 10 9 20 12 9 3 9 6 10 10 18 13 18 24 13 8 218 255 123 26 40 43 23 16 13 5 12 10 4 4 2 1 4 4 9 1 6 2 10 9 16 15 116 163 33 30 11 4 91
186 183 116 34 19 3 26 20 35 26 24 46 23 46 29 10 26 55 50 31 59 56 65 45 79 7 33 65 76 16 10 9 4 5 3 2 3 3 4 1 4 2 0 1 1 1 2 2 5 5 49 27 17 5 18 14 20 16 16 129 182 50 30 11 11 4 4 6 5 4 4 18 13 34 18 34 46 238 134 8 21 8 15 11 6 11 4 10 12 17 4 8 21 13 17 12 199 255 201 55 24 16 35 6 9 9 11 9 6 4 4 4 8 5 2 6 4 9 12 10 29 64 180 88 20 31 16 94
144 181 51 23 11 22 9 36 14 37 30 29 67 23 36 16 26 30 48 47 55 48 84 83 30 56 58 83 42 9 14 3 6 7 4 2 4 5 3 5 2 4 1 1 1 2 4 5 2 39 43 7 8 21 4 8 11 11 53 85 209 73 22 10 8 5 6 7 6 5 4 11 17 29 14 26 48 181 230 35 9 16 17 11 9 12 5 3 7 5 12 7 13 17 6 12 35 128 254 250 25 27 11 23 7 6 7 9 7 2 10 5 7 6 6 7 5 4 12 12 27 22 160 135 21 17 18 98
119 146 31 31 24 25 21 27 21 46 9 47 3 47 33 43 25 22 24 52 48 84 46 41 37 63 84 56 12 8 18 8 5 4 7 4 4 4 2 2 4 4 4 1 2 3 4 1 32 40 12 16 12 5 11 6 9 21 28 71 199 95 25 7 6 5 6 6 4 6 11 9 16 9 30 25 51 66 255 115 19 16 9 19 14 7 14 9 8 7 6 9 10 9 16 28 25 44 30 247 252 32 39 11 16 5 4 4 10 8 9 10 6 8 6 3 5 4 4 8 15 37 92 186 47 25 21 88
102 129 24 35 35 8 36 14 28 29 43 4 28 22 36 5 58 25 56 32 61 13 98 70 103 99 57 4 14 24 3 11 5 7 4 4 4 3 2 2 5 3 4 5 1 4 5 23 39 17 11 6 10 11 6 13 14 7 21 82 197 96 34 10 2 8 5 4 6 7 10 13 6 24 34 6 12 36 195 207 34 9 14 7 8 14 9 6 5 3 5 8 8 9 6 9 28 31 20 29 255 184 41 37 12 10 12 6 5 11 15 6 5 7 7 3 3 2 3 9 4 22 42 171 113 18 12 79
92 106 8 32 26 30 31 38 38 31 28 18 26 25 38 21 12 20 23 34 14 88 47 108 130 69 7 18 14 15 9 7 5 4 4 4 2 2 2 3 2 9 7 4 4 6 14 32 21 12 6 11 3 4 12 13 20 26 39 50 187 133 19 6 11 12 4 9 6 10 12 4 22 21 9 30 16 44 108 246 86 17 9 9 4 5 8 7 4 4 4 4 9 14 13 13 28 12 34 18 112 255 74 33 18 9 14 14 7 9 9 8 1 5 6 2 4 4 3 6 11 18 34 123 154 48 28 79
82 93 10 18 24 25 29 48 24 46 8 6 14 30 51 38 43 43 44 58 33 22 69 139 73 6 15 4 22 4 8 7 2 1 3 2 1 4 4 4 8 4 9 6 6 9 30 30 8 5 4 9 6 7 9 18 12 21 22 50 175 132 15 14 6 13 6 13 5 11 11 12 14 13 19 22 24 18 51 218 149 8 14 9 9 3 4 3 6 5 4 6 6 3 6 11 17 27 12 14 33 219 227 20 26 8 15 23 11 13 14 8 1 4 6 3 4 6 5 5 15 16 27 68 181 66 28 87
75 66 35 31 19 23 25 54 42 38 34 43 15 21 60 38 30 48 53 49 41 39 105 76 12 12 11 17 12 12 9 6 5 3 3 1 1 1 4 4 1 11 7 8 4 28 37 17 3 4 5 8 10 8 4 17 21 23 38 65 180 140 26 20 7 11 2 13 9 9 11 5 9 13 7 10 22 22 19 170 206 39 15 9 11 8 10 6 3 4 3 5 6 6 8 13 11 21 18 22 21 87 255 103 36 15 8 12 26 11 4 10 7 5 6 4 4 5 6 13 12 24 47 41 177 121 16 93
90 37 27 9 8 22 19 13 61 48 26 25 34 46 15 52 46 46 52 13 78 65 126 30 8 9 11 11 13 12 1 7 3 3 1 2 1 1 1 2 4 4 7 4 25 39 27 9 11 11 8 7 4 2 3 13 31 43 57 53 126 144 12 23 6 9 6 9 10 5 11 9 6 9 9 7 9 19 39 114 232 75 20 9 18 4 12 5 2 5 2 2 4 2 7 9 17 26 8 23 31 12 217 233 20 27 22 17 8 25 21 15 3 6 6 4 2 4 3 17 7 14 23 35 84 207 67 76
79 23 21 4 4 28 11 23 35 37 24 64 21 15 67 42 56 30 45 45 22 116 40 4 6 13 8 13 14 4 9 5 5 1 2 1 1 2 3 3 10 4 8 11 34 31 10 2 2 7 10 6 2 5 12 20 9 54 55 46 98 167 41 19 5 8 10 8 12 3 6 15 6 2 4 14 2 7 28 52 230 133 14 27 13 3 11 7 4 4 3 3 4 5 7 6 10 22 33 24 18 39 87 255 123 21 17 21 18 13 12 11 10 8 6 2 4 6 5 7 20 12 8 28 27 170 152 86
83 13 31 12 33 29 17 43 60 18 51 25 27 9 25 65 33 46 32 21 80 69 8 13 10 6 15 9 10 9 4 7 3 3 5 4 2 2 3 12 2 13 4 24 33 18 19 7 8 4 6 11 8 9 7 20 15 5 46 54 107 197 53 31 6 12 13 12 12 8 13 11 11 3 8 4 11 7 16 25 194 201 29 18 13 5 10 12 5 3 3 3 3 4 4 3 11 19 19 9 25 26 16 183 252 35 23 27 11 13 4 5 8 9 7 4 5 4 6 10 13 24 12 15 38 74 196 143
66 20 40 26 22 17 53 26 41 36 34 28 21 16 47 14 33 53 52 77 100 17 12 10 5 7 5 12 4 4 9 5 4 4 4 5 4 4 4 4 9 6 20 39 31 13 1 10 3 7 5 6 7 12 15 9 10 8 20 15 99 197 78 35 18 13 6 14 10 15 5 13 9 5 6 5 5 9 9 28 119 231 66 18 14 7 10 8 3 4 1 2 4 2 5 6 11 11 9 17 17 19 30 42 255 158 39 17 19 17 20 8 19 8 2 7 8 5 5 14 12 17 15 10 13 15 170 213
86 15 24 22 9 22 26 21 18 15 19 19 3 25 46 15 30 44 74 123 41 15 19 7 7 5 4 3 4 4 4 1 3 2 4 4 1 5 2 4 6 14 33 35 13 9 15 4 2 6 11 7 3 9 12 9 7 11 10 32 67 204 109 28 23 11 12 7 9 4 10 10 4 4 5 4 5 8 8 24 65 218 124 20 11 9 11 7 6 2 1 2 2 4 8 12 7 7 6 7 21 6 20 31 145 255 58 28 28 13 20 19 9 11 6 4 7 4 2 4 16 11 8 17 14 15 124 241
75 20 10 23 19 31 33 55 60 28 35 32 10 70 22 37 30 64 120 61 6 22 11 9 4 6 4 3 3 1 2 2 4 3 2 3 3 4 4 4 10 28 34 16 4 1 11 8 3 6 11 12 4 10 9 2 8 6 12 27 49 180 139 18 15 18 8 8 6 5 8 9 6 5 5 2 5 7 6 24 15 201 186 23 7 17 16 4 5 1 2 2 2 6 7 13 7 6 8 8 10 16 12 28 34 255 185 30 19 21 14 8 7 10 6 3 6 4 3 4 3 11 4 17 16 32 72 255
95 22 6 42 34 34 46 55 51 24 26 31 44 17 31 31 35 93 63 4 7 12 13 4 4 4 4 2 1 1 1 1 3 1 5 3 6 1 1 4 21 37 20 7 4 5 9 6 7 9 8 13 4 10 8 6 6 11 17 10 38 134 153 57 16 9 15 9 8 7 16 13 5 5 5 3 5 7 7 14 43 142 238 57 24 15 9 12 2 1 1 1 1 1 8 10 5 8 3 8 9 12 13 21 46 105 255 77 40 11 9 7 6 9 5 2 7 4 2 4 7 4 11 5 15 26 26 250
93 61 27 16 46 46 32 55 79 35 28 27 27 50 35 38 46 107 41 6 11 11 9 9 4 2 1 3 1 1 2 3 3 3 4 4 5 3 4 13 38 35 8 5 6 3 8 4 7 10 4 11 3 9 8 3 4 9 13 18 10 96 143 96 46 7 9 17 8 19 19 21 4 4 4 4 6 9 5 11 44 49 255 141 20 12 6 10 5 2 2 4 3 3 2 4 7 5 9 5 8 5 21 10 9 33 213 221 35 35 16 7 11 9 8 2 7 5 2 7 8 11 5 12 9 17 32 227
79 25 34 21 21 25 34 19 28 71 64 53 28 43 19 30 115 82 15 7 11 11 12 11 2 1 1 2 3 3 4 2 4 1 3 7 1 6 2 30 49 21 12 5 5 9 2 7 9 8 4 10 5 8 9 3 10 12 11 13 19 76 108 84 93 32 25 11 18 15 28 13 5 4 4 6 8 9 6 6 33 30 194 209 27 8 4 11 5 5 6 4 3 3 5 8 4 6 9 8 4 12 14 12 10 24 103 255 107 48 20 18 7 9 9 6 6 2 3 7 6 10 11 8 14 9 24 217
102 22 9 17 11 30 34 69 74 74 66 38 19 28 34 72 79 7 13 27 5 13 5 7 7 3 2 4 4 2 1 2 3 4 5 4 5 2 20 45 37 7 10 7 9 6 7 7 8 3 4 8 6 5 11 5 10 16 9 8 14 71 92 45 91 86 14 17 22 27 15 11 13 7 7 4 9 12 8 12 17 25 107 231 85 12 11 7 7 6 5 2 3 4 3 8 5 11 9 9 7 7 9 13 10 19 23 207 237 21 37 6 10 8 10 6 6 3 5 6 5 3 4 4 8 15 10 220
87 15 28 24 39 56 69 40 27 45 50 41 59 49 48 81 18 11 23 11 17 12 17 10 3 2 2 2 1 3 1 4 2 4 4 6 6 9 36 47 15 4 9 12 3 6 8 8 4 1 5 6 7 4 13 11 10 5 14 9 14 68 109 27 31 108 75 19 15 23 17 14 5 13 9 3 9 11 11 13 16 49 52 246 130 24 16 7 7 4 4 2 2 3 7 3 4 9 6 9 8 5 8 10 14 11 30 78 255 127 51 13 8 6 11 6 7 6 5 5 4 5 4 2 10 14 6 223
103 29 12 19 21 17 39 49 51 21 17 64 35 13 76 29 12 9 13 10 6 17 2 8 2 1 1 1 5 3 4 3 2 3 5 5 6 22 47 29 5 7 13 4 6 3 6 11 5 6 8 3 7 5 4 9 17 8 6 10 23 70 117 24 43 51 112 48 29 8 18 9 10 6 15 8 2 8 12 20 18 25 44 178 225 31 18 6 2 2 8 7 3 5 6 8 2 2 6 5 2 6 5 11 19 12 12 20 161 255 49 30 12 8 11 11 5 4 14 4 8 4 4 8 4 8 14 218
112 16 33 28 39 23 26 19 50 55 16 11 43 102 49 22 11 5 12 9 12 8 13 5 3 2 1 1 3 6 4 1 3 3 4 4 13 34 35 15 3 9 9 3 2 3 3 8 7 7 4 2 4 6 7 7 11 12 4 2 8 79 97 29 37 25 76 100 16 29 5 9 11 8 5 6 8 4 8 18 14 13 37 86 254 94 17 8 5 0 3 9 5 7 4 8 2 4 3 2 2 6 5 9 5 27 15 12 45 255 173 35 15 13 6 6 11 2 11 7 9 4 4 5 4 6 2 218
113 45 30 14 20 37 15 17 60 21 78 15 89 60 21 14 15 10 9 12 7 14 4 6 4 4 2 2 2 4 1 2 4 4 6 7 20 41 19 8 5 11 7 5 2 5 7 4 3 0 4 6 8 8 9 10 9 11 10 10 6 90 91 18 18 35 26 95 87 13 25 6 7 12 5 4 7 11 12 10 16 22 37 29 208 178 21 14 5 2 1 4 10 9 4 6 4 4 4 3 2 6 5 11 13 13 24 17 25 122 255 61 32 16 12 12 8 16 11 6 6 4 6 5 5 4 9 218
69 27 19 20 57 61 9 38 14 71 29 101 96 13 12 18 4 14 13 17 16 5 5 5 2 4 1 5 2 3 3 4 4 8 5 8 34 36 10 4 7 13 5 8 6 7 2 2 2 2 6 7 4 4 5 2 17 13 2 13 6 97 91 14 21 19 19 43 98 94 26 21 6 12 8 17 8 16 9 16 22 9 7 40 153 223 47 17 10 6 7 8 14 13 9 3 6 4 7 2 2 8 3 4 6 8 18 27 21 46 240 194 39 26 5 14 21 13 12 3 6 4 9 7 9 7 7 220
89 34 16 36 56 45 84 24 37 28 89 109 64 11 9 7 9 8 17 11 18 3 6 6 2 4 2 5 5 1 5 1 7 1 9 25 41 22 3 2 6 7 4 10 7 4 2 1 2 3 5 5 2 3 5 10 9 12 8 7 10 93 89 11 17 23 18 7 33 99 107 36 16 16 23 16 18 16 10 11 11 35 15 14 49 245 129 11 16 6 8 8 8 10 9 8 7 4 6 3 3 5 3 9 9 13 13 23 21 13 110 255 91 52 12 10 21 23 15 4 9 3 10 9 4 9 3 220
100 19 29 9 44 51 57 55 70 47 80 62 15 27 11 12 8 6 12 13 10 11 4 8 2 5 3 4 7 1 5 4 2 7 8 41 36 5 10 6 9 13 10 4 8 5 4 3 3 4 6 6 4 4 1 3 7 9 10 13 9 83 94 18 13 21 14 15 20 28 96 111 56 22 35 17 26 11 18 9 15 9 42 19 21 172 216 43 17 5 11 7 11 7 6 12 5 2 7 3 3 5 3 7 8 15 11 7 14 22 27 198 223 24 47 12 25 16 20 11 8 6 9 9 6 4 4 218
83 31 22 29 24 48 16 21 14 103 67 10 22 18 14 12 5 10 3 8 5 8 9 8 4 5 5 3 7 5 4 4 2 1 25 35 28 11 10 8 14 13 11 4 11 3 9 7 3 4 6 7 4 5 4 4 4 9 11 15 16 74 93 22 14 13 14 11 13 28 17 86 110 70 14 39 14 15 10 13 7 17 10 28 33 82 239 109 18 6 10 12 9 13 5 8 4 3 5 4 4 4 3 5 10 6 9 12 12 20 19 87 255 135 32 14 16 37 8 19 9 9 8 4 9 5 2 217
72 17 37 41 22 33 50 40 103 96 38 17 4 13 12 4 9 6 7 3 4 7 4 4 6 3 5 2 8 6 4 4 3 18 29 21 12 15 3 5 13 11 13 11 10 6 11 11 8 4 8 8 6 5 4 5 6 6 19 13 11 64 86 33 9 20 14 8 16 17 26 17 67 115 100 30 36 29 14 7 22 14 32 23 41 8 218 181 34 10 7 13 8 16 13 5 4 5 5 6 4 4 3 8 4 12 12 11 16 10 21 24 161 255 52 36 12 9 24 6 9 11 7 10 4 6 3 218
95 43 56 33 66 25 21 46 70 31 21 9 15 8 10 4 4 7 4 2 4 5 7 6 3 3 5 4 6 2 5 5 8 18 27 26 17 8 9 12 4 16 11 6 8 4 16 7 14 11 7 9 11 7 5 6 13 13 2 12 18 44 109 60 28 15 12 18 12 12 10 23 18 46 107 129 70 21 22 38 11 36 23 17 34 54 113 255 87 21 13 9 5 5 20 10 2 7 4 4 5 9 7 6 15 4 9 13 21 18 14 24 14 234 195 49 23 5 10 13 12 4 5 8 6 4 4 219
105 42 42 60 38 56 17 55 64 3 15 11 8 12 10 6 6 3 2 1 1 3 4 1 4 4 6 4 7 1 3 6 11 24 28 16 9 7 9 14 8 12 6 6 9 4 10 11 10 5 6 7 5 4 4 16 3 16 7 19 19 24 103 74 23 16 17 17 20 9 16 8 19 9 13 77 136 111 40 22 34 11 23 20 8 22 22 224 174 9 11 8 5 9 7 5 7 7 4 3 2 5 6 11 12 8 5 10 15 16 18 17 22 92 255 89 46 21 14 12 7 8 3 7 6 6 6 217
100 37 29 79 64 47 59 93 33 4 15 2 9 8 6 9 7 4 1 2 1 2 4 2 5 3 6 4 6 1 4 6 16 33 23 3 9 11 14 6 11 8 5 7 12 11 2 10 10 7 3 5 5 10 9 10 8 9 9 8 15 10 70 102 14 18 20 24 17 21 9 20 11 22 16 31 34 107 122 65 8 17 11 14 10 19 35 154 209 46 22 8 15 7 8 9 6 9 8 3 3 4 5 13 9 7 14 11 5 12 14 19 14 18 187 234 30 22 25 2 12 9 4 4 3 3 2 216
88 37 45 36 86 60 111 71 7 10 10 7 4 10 6 10 3 2 1 2 2 2 3 1 6 5 4 4 4 3 7 9 25 31 13 8 7 7 11 13 9 7 6 7 7 12 9 10 6 6 11 12 9 9 9 17 14 11 7 21 33 14 62 94 39 7 17 29 23 11 16 4 24 16 25 16 18 12 72 136 95 54 25 17 28 10 61 90 255 82 20 11 11 15 11 4 6 7 7 4 3 4 4 5 14 4 13 12 4 12 9 10 20 24 73 255 110 21 16 15 5 7 4 4 2 1 1 217
87 21 28 52 34 88 71 10 2 3 13 4 10 5 5 4 2 2 1 2 2 2 3 5 5 4 1 4 3 2 8 22 30 18 10 11 3 8 4 8 5 6 8 13 12 12 9 6 6 5 1 6 9 11 9 14 16 10 38 67 43 81 63 148 58 21 20 12 26 11 12 5 23 15 18 6 11 13 26 44 110 118 103 59 9 19 26 29 225 191 11 15 14 20 19 12 5 4 6 5 4 4 2 5 14 18 21 16 4 17 26 15 27 22 50 169 217 25 20 16 11 3 3 2 3 4 4 216
88 28 41 18 51 60 15 10 6 9 9 5 8 4 6 6 5 2 2 2 2 2 4 6 5 3 3 6 4 4 14 27 22 4 8 7 6 8 6 7 4 9 3 4 5 7 5 4 8 5 6 6 7 6 7 11 18 43 61 50 66 36 106 145 112 116 67 18 40 37 17 10 12 14 16 17 3 8 13 30 18 45 102 135 105 51 31 28 129 244 64 25 19 26 16 13 3 2 4 4 5 6 6 18 6 23 12 32 13 28 11 32 29 37 68 250 151 22 5 6 4 3 5 4 4 4 4 215
108 25 21 33 66 43 10 8 5 7 7 4 5 5 5 4 2 2 2 3 3 1 4 4 5 4 2 4 3 6 18 25 14 5 8 9 6 5 10 12 8 7 5 7 8 7 5 5 8 5 4 4 8 6 6 9 13 23 78 76 39 75 119 166 49 109 145 120 42 32 27 11 11 23 16 5 5 6 8 20 12 18 17 60 118 113 101 47 60 237 158 20 24 25 25 10 7 2 3 2 2 7 13 12 31 17 21 22 34 30 19 39 17 143 255 206 38 27 19 16 16 6 7 6 2 6 3 214
95 19 35 45 52 13 9 12 10 12 4 7 4 7 7 6 7 5 4 4 4 4 3 3 4 4 2 4 4 8 20 26 14 5 8 7 9 10 8 7 10 10 7 6 4 9 8 2 4 7 11 13 5 10 8 6 22 39 39 56 55 35 91 147 67 11 32 114 153 102 39 17 20 15 18 15 8 5 17 8 20 13 13 41 22 65 117 135 37 199 225 34 18 9 11 14 9 4 4 4 4 10 16 22 14 28 16 19 23 35 35 64 224 255 147 33 19 43 26 19 13 10 2 8 6 3 6 216
123 33 52 84 22 13 33 10 9 16 11 5 5 5 9 4 6 7 5 4 3 4 3 3 4 4 4 6 4 13 28 16 4 13 16 15 6 8 4 5 7 7 11 7 6 8 4 4 6 9 15 13 11 4 9 16 48 40 8 22 41 60 145 195 15 46 15 27 62 118 120 73 33 17 13 16 14 10 16 4 13 12 7 22 22 28 45 135 157 82 229 114 17 16 9 9 3 4 4 4 5 4 10 20 30 10 20 25 17 27 138 255 230 76 22 27 50 6 19 19 9 14 18 11 6 8 5 214
131 56 113 53 27 23 13 23 15 9 10 6 4 10 2 4 3 2 3 3 4 1 1 2 3 0 7 3 12 24 26 15 4 16 15 16 13 8 13 11 7 13 7 11 4 8 13 10 9 20 16 13 8 14 30 62 30 21 6 56 17 107 12 195 122 21 20 13 26 22 92 130 111 46 18 14 6 3 10 16 14 20 7 19 18 30 31 29 111 136 139 118 13 17 10 8 3 4 5 6 5 6 9 15 16 18 6 8 40 121 247 170 41 28 41 17 37 35 31 8 9 14 5 16 7 5 4 220
75 65 54 22 16 24 25 14 6 5 5 6 8 3 8 3 2 1 1 2 4 4 2 1 4 4 5 8 22 31 20 4 2 11 15 13 4 6 13 10 5 12 13 13 11 7 2 18 11 8 13 21 31 57 77 69 35 19 30 16 51 54 39 172 107 16 25 14 13 32 26 50 118 134 67 7 6 6 5 13 9 4 18 17 14 21 37 8 25 61 70 95 25 20 5 10 6 6 6 4 6 6 7 11 28 13 14 34 6 147 232 142 48 31 18 35 30 21 20 18 12 15 16 4 16 5 8 218
70 74 23 9 23 42 14 6 5 4 5 7 6 7 8 10 5 4 2 1 1 3 4 4 3 7 6 12 25 28 5 6 14 2 4 5 4 12 14 20 10 14 14 19 11 22 16 12 28 10 21 76 72 68 36 14 27 23 19 24 23 37 71 179 74 23 11 8 16 10 24 21 10 85 144 91 15 15 8 12 4 8 6 13 8 9 15 23 14 9 55 94 25 15 13 6 10 6 3 6 8 6 10 19 13 22 18 23 16 22 166 255 229 102 53 54 34 17 18 22 21 18 25 34 26 9 24 223
62 45 16 31 59 120 78 12 6 8 7 2 9 7 9 9 5 4 4 2 2 3 3 4 8 2 11 19 22 18 8 18 17 10 8 4 9 4 14 14 16 22 7 18 27 40 31 31 19 15 70 46 20 26 25 65 32 7 4 38 18 71 70 197 68 23 10 11 7 13 6 13 25 20 51 137 120 44 21 14 10 10 11 15 14 16 5 21 16 17 33 110 78 18 21 7 8 4 8 8 4 9 12 16 3 8 20 17 15 19 30 83 217 255 201 57 55 57 28 45 17 15 27 73 108 57 17 232
46 45 8 27 117 55 153 83 20 13 13 12 10 4 12 8 4 3 3 4 2 3 2 4 6 9 17 21 13 8 13 15 9 9 2 12 13 6 11 18 30 29 65 79 39 56 47 54 56 27 12 60 79 64 54 41 42 22 55 44 45 48 20 168 120 21 22 18 13 8 21 23 20 15 26 18 110 138 73 17 12 13 5 15 13 7 5 13 30 23 36 57 115 18 21 18 9 10 5 6 6 6 12 18 6 11 20 13 7 24 17 31 26 87 229 255 218 100 96 102 133 154 170 176 179 193 142 231
58 35 12 16 103 121 71 161 106 37 10 7 14 8 5 5 4 2 3 2 3 2 1 4 4 10 13 15 6 8 15 13 4 9 13 12 10 31 33 20 61 94 92 66 40 8 10 55 46 63 52 67 52 55 56 48 25 41 35 34 67 42 31 155 168 39 35 25 23 10 13 15 16 22 16 29 22 65 145 117 36 12 16 25 22 27 19 8 16 14 23 52 96 38 24 15 18 6 14 14 6 10 4 7 21 10 14 15 8 13 24 20 48 35 57 69 188 186 204 199 174 160 146 94 49 97 245 111
69 26 23 22 46 134 120 51 142 122 46 13 4 12 4 8 4 8 5 4 3 2 5 3 8 9 7 11 4 9 14 9 14 10 9 9 19 11 81 68 57 46 21 69 34 29 18 22 34 27 49 31 51 25 30 55 32 45 63 21 65 63 31 136 185 15 24 28 16 24 14 12 9 9 12 18 11 31 30 124 145 81 33 26 42 34 16 24 9 22 13 17 72 76 18 11 21 21 39 78 82 41 20 25 23 12 15 10 13 6 6 14 9 32 58 98 90 79 61 82 41 10 20 38 28 34 145 72
62 14 20 23 16 56 139 126 26 88 94 39 5 11 10 9 8 1 6 8 9 5 4 8 11 8 9 16 5 17 8 10 11 19 9 10 17 78 59 40 28 40 34 55 38 23 11 6 32 12 45 60 60 19 79 31 68 55 24 64 22 83 42 155 165 14 23 20 26 23 18 8 11 4 13 11 16 10 26 24 60 131 136 76 32 21 15 20 19 11 11 11 44 73 60 44 17 49 72 54 95 120 68 23 9 18 9 7 5 6 9 16 42 35 52 41 67 42 164 96 32 30 30 25 73 54 155 50
64 18 8 14 15 6 63 111 80 38 48 55 42 6 9 2 7 6 7 13 8 6 7 7 4 14 12 12 8 4 12 15 21 21 19 36 108 102 12 46 47 39 33 54 52 33 58 47 44 27 15 53 38 13 39 41 68 61 8 30 53 23 37 122 175 29 27 25 16 17 11 7 10 14 8 18 9 13 10 15 24 24 83 156 138 41 34 18 20 21 10 26 23 52 76 37 19 16 60 105 78 24 76 56 19 9 7 8 6 4 9 17 16 41 51 59 86 142 109 58 21 32 53 73 32 112 235 112
62 11 9 8 11 23 15 55 76 54 29 21 44 30 9 7 17 9 16 5 9 9 9 8 6 21 25 3 12 4 9 11 21 28 58 92 89 64 45 32 20 6 54 66 15 28 6 14 25 51 20 33 6 25 38 9 14 50 14 19 40 23 65 59 191 67 29 14 17 15 7 10 11 10 13 5 12 9 16 10 8 13 24 32 116 171 96 35 9 17 11 22 29 14 68 60 9 14 14 42 85 97 70 27 11 4 3 2 8 5 4 9 16 6 32 15 24 63 62 29 10 22 39 63 200 239 161 224
63 38 18 5 12 13 18 15 35 53 48 31 30 19 24 22 6 20 13 8 8 6 13 8 18 11 24 15 4 9 9 14 11 44 22 36 78 72 39 56 72 26 26 39 70 69 78 57 42 41 34 12 22 14 39 26 75 32 42 58 34 30 36 53 164 101 27 8 16 13 5 10 8 4 9 11 3 10 10 8 8 7 5 17 10 66 144 143 64 16 11 16 25 17 42 59 25 8 24 7 24 28 22 7 3 8 6 4 6 13 9 16 16 20 17 28 8 13 14 11 23 26 90 212 197 103 22 241
84 22 23 22 14 9 18 9 13 18 26 36 22 27 37 30 25 19 15 19 5 10 6 20 15 12 6 11 14 11 11 34 22 31 43 23 30 45 49 29 14 69 8 75 39 11 22 37 28 42 24 69 9 12 45 45 16 43 67 39 61 57 42 53 184 110 29 5 13 15 7 10 7 4 4 6 9 10 9 14 7 9 4 8 12 12 17 86 158 105 28 24 12 26 22 62 48 17 13 18 14 7 10 9 11 11 12 7 13 17 25 13 14 18 6 25 19 13 26 50 49 51 116 143 100 42 31 228
82 22 24 8 22 17 17 21 4 9 10 35 38 40 11 43 10 32 37 8 16 11 7 16 6 4 3 3 9 46 84 85 60 42 22 16 9 19 12 22 31 13 42 56 34 57 15 18 43 18 73 6 42 36 40 82 56 17 51 47 15 28 62 26 174 131 14 9 17 16 5 5 8 6 6 5 7 5 6 9 11 13 8 9 9 16 9 27 51 143 155 83 29 23 46 18 18 14 9 12 9 10 11 5 17 12 14 22 26 22 31 42 27 39 38 40 32 48 59 58 25 31 28 120 174 96 34 220
63 25 13 20 4 17 14 8 11 19 19 4 28 42 42 48 81 59 40 26 11 9 24 15 4 3 19 25 38 72 62 5 52 32 32 7 14 24 53 33 38 7 74 25 59 21 39 15 18 66 52 42 50 43 104 61 63 40 47 20 10 24 28 40 130 149 19 14 18 14 9 9 6 8 6 3 5 3 8 11 14 9 12 9 11 9 16 13 35 19 89 178 155 58 23 37 31 14 7 8 16 15 7 13 10 20 22 25 13 25 21 6 7 16 16 18 11 16 17 38 49 37 46 36 133 154 26 232
57 4 13 19 30 21 29 6 9 9 13 13 5 20 73 84 158 180 76 23 4 15 18 21 22 43 37 26 31 35 47 57 38 24 34 45 9 44 33 65 59 93 22 86 19 36 24 70 81 67 28 15 8 19 22 75 65 63 47 20 16 22 41 40 120 154 19 30 18 10 9 8 8 4 3 9 10 2 9 10 10 8 5 6 6 4 9 18 14 13 34 45 151 182 118 42 23 13 9 13 20 10 18 16 15 46 62 63 73 82 76 56 46 33 29 20 20 24 33 50 84 126 152 183 177 39 20 209
57 13 19 8 18 28 10 17 9 13 9 11 9 4 24 191 173 168 213 90 22 22 14 22 36 14 13 10 11 34 51 14 31 40 27 15 47 11 46 85 43 63 55 56 44 15 56 47 23 30 61 57 38 31 59 22 52 48 70 59 32 37 27 17 126 145 8 24 8 21 11 12 9 8 12 11 6 4 4 10 4 7 4 4 6 14 16 11 14 14 16 53 13 98 179 154 61 17 37 9 8 17 17 35 64 135 176 182 177 187 195 194 188 173 170 165 166 159 165 184 189 170 99 63 54 58 75 242
55 21 17 26 8 18 37 13 4 19 12 15 13 8 28 104 255 151 126 205 163 120 130 53 37 10 25 7 39 36 54 57 33 21 23 44 17 42 29 17 59 15 65 22 52 15 25 52 65 41 21 25 18 12 48 21 61 26 39 29 36 17 33 25 130 153 16 22 7 10 11 6 7 3 4 3 2 1 3 3 7 8 7 5 6 6 15 15 14 11 20 21 41 9 77 188 190 135 85 75 77 89 102 134 194 194 136 96 81 69 71 82 99 112 123 124 122 116 101 83 59 39 28 45 60 115 132 160
73 30 33 44 30 36 45 124 89 51 13 15 8 6 21 48 108 217 165 69 75 103 139 147 94 104 95 67 60 20 29 92 36 9 52 31 53 24 16 23 31 32 16 52 57 42 23 35 14 25 26 31 21 30 26 36 27 21 13 44 35 71 25 23 136 170 10 33 7 8 7 5 7 6 5 4 5 3 3 5 7 7 9 9 10 9 7 9 8 17 14 13 16 28 24 61 154 200 209 178 174 189 192 190 137 67 17 40 26 19 27 35 35 28 20 18 17 14 15 25 32 34 37 16 50 95 22 117
69 12 21 30 55 27 91 42 139 107 52 63 27 20 16 25 34 34 112 188 169 143 146 79 72 47 40 67 68 63 82 67 51 45 24 73 28 51 42 51 11 36 51 22 21 50 43 48 44 47 21 50 36 41 38 77 34 59 31 68 29 47 50 40 115 186 45 37 21 7 13 13 5 7 5 5 5 3 4 9 9 1 4 6 8 7 6 4 6 11 13 17 9 16 30 32 21 52 75 82 88 75 53 44 26 11 26 25 8 5 7 10 7 8 13 18 14 8 5 18 27 20 12 21 34 103 110 148
71 46 25 28 10 52 8 132 76 117 52 69 83 44 19 11 6 11 9 14 50 89 116 112 107 106 94 86 73 41 32 82 70 38 55 30 58 22 53 67 54 42 16 41 38 16 55 24 55 19 71 30 20 47 81 28 33 21 77 32 68 25 58 38 54 172 94 17 17 6 16 8 13 7 3 2 2 3 2 3 8 4 4 4 5 5 4 5 7 11 6 14 21 11 9 23 24 30 30 27 35 45 39 23 16 23 20 6 11 8 12 11 13 11 11 7 8 11 13 17 14 16 19 12 21 36 104 225
115 33 61 8 30 28 39 47 112 37 52 27 26 34 97 31 55 67 73 45 18 9 21 80 103 93 71 75 36 37 83 61 54 50 54 15 29 64 48 69 64 25 47 27 19 40 27 25 82 23 13 12 19 38 20 74 31 54 63 34 39 81 15 68 62 153 85 30 20 9 10 9 2 6 3 3 7 6 6 3 5 5 4 3 3 4 4 5 8 8 8 5 19 18 11 15 12 8 2 9 6 3 18 17 12 11 6 1 6 11 13 13 4 9 9 6 6 7 7 7 9 13 17 17 7 16 14 223
99 71 9 29 46 32 44 72 75 58 30 17 76 64 28 58 87 66 99 110 93 99 81 104 89 94 57 96 97 98 91 54 20 27 19 48 27 30 61 85 48 54 33 58 38 49 22 95 55 74 53 17 43 36 31 26 11 37 21 36 25 29 34 29 71 162 93 23 23 13 17 20 11 5 4 6 9 6 7 2 5 4 6 5 3 2 3 5 7 5 7 7 6 13 6 6 6 9 9 7 9 9 14 11 11 8 7 8 8 9 11 5 4 11 9 7 7 11 13 9 14 6 10 8 12 8 16 203
60 19 53 47 53 50 49 67 111 36 47 52 61 15 83 49 57 69 33 54 54 107 47 69 74 14 18 23 39 67 34 71 58 44 88 33 22 28 29 66 65 59 15 55 75 68 76 60 76 47 39 62 34 55 28 52 38 22 18 56 27 62 10 82 14 165 127 16 34 35 19 10 7 5 5 8 13 9 10 6 5 3 4 5 2 2 4 3 4 8 3 3 10 8 6 9 6 6 7 9 9 11 9 5 13 12 8 5 7 8 4 4 6 4 4 4 5 6 7 9 14 5 8 11 10 9 3 212
91 20 12 5 36 40 21 51 53 16 21 84 41 54 44 45 68 88 125 91 25 27 77 55 98 57 7 81 46 43 27 28 15 50 59 25 16 36 35 25 52 40 12 57 66 53 69 47 60 42 41 23 55 29 68 71 49 23 64 64 77 17 67 46 37 135 153 46 27 27 21 5 5 4 4 5 9 12 10 5 6 5 3 4 3 5 3 5 4 5 6 4 6 4 3 4 6 5 2 5 6 4 5 8 3 5 9 9 6 5 5 6 5 4 6 6 7 5 1 6 12 11 9 2 9 1 11 206
57 9 39 29 88 30 52 40 105 43 103 12 62 39 56 30 83 87 31 107 107 45 116 59 66 70 74 77 83 39 65 66 56 62 27 10 27 8 96 54 25 26 6 53 35 39 46 42 42 26 71 47 38 65 63 48 22 34 88 29 33 39 44 55 32 134 134 33 17 18 9 13 5 4 1 1 7 6 1 4 7 2 2 3 4 3 2 4 4 2 4 3 4 4 2 3 7 4 2 3 6 9 4 1 1 1 3 5 4 2 2 1 4 6 6 6 8 8 6 10 8 5 7 7 4 11 16 202
83 50 26 60 14 77 30 39 83 50 71 112 58 42 59 60 60 28 72 53 63 120 9 96 28 21 38 31 76 72 51 14 17 33 9 36 37 85 34 55 42 15 63 80 46 52 33 42 32 27 30 49 42 36 63 21 56 23 6 53 32 44 43 9 65 128 124 12 20 5 16 11 3 3 1 0 4 7 3 5 6 3 2 3 2 1 1 2 5 1 3 4 4 3 1 3 7 6 5 4 3 6 6 2 4 3 3 4 4 2 1 1 5 6 6 5 8 7 4 4 7 11 8 9 11 7 11 208
102 30 39 58 51 65 27 84 105 65 48 38 47 96 19 45 13 51 24 89 99 83 69 48 37 57 36 98 31 79 68 23 71 46 14 26 52 58 102 61 25 45 75 35 27 51 65 55 82 70 91 41 83 35 77 66 16 36 47 39 68 49 14 34 27 139 164 41 15 8 4 6 11 6 4 4 6 7 5 6 6 3 3 4 2 2 4 6 6 2 2 3 1 4 1 6 4 4 6 5 1 3 4 5 5 1 1 2 5 3 1 5 10 8 7 6 9 8 6 6 11 5 7 8 9 6 4 207
63 7 101 49 113 56 39 111 45 125 107 55 56 87 38 36 65 31 109 30 27 68 47 14 46 34 33 36 58 14 25 72 42 27 56 34 82 53 58 32 23 24 70 59 58 48 51 28 78 69 30 42 37 82 79 24 67 53 18 49 73 46 13 12 20 108 167 60 8 17 13 5 6 9 7 5 4 4 4 4 6 4 3 2 0 5 4 5 4 4 4 3 2 5 2 7 4 1 4 6 6 4 6 8 2 2 2 1 5 2 4 11 9 3 4 1 5 7 4 6 4 5 5 4 4 4 2 205
85 57 60 104 49 94 111 22 144 84 100 91 81 14 92 78 38 117 59 105 42 88 19 47 30 32 32 17 48 21 65 66 49 56 38 34 58 65 10 22 26 88 20 32 57 77 62 17 26 47 42 104 63 81 19 47 42 30 39 15 36 9 6 14 14 117 163 45 12 9 11 9 13 10 4 2 3 4 1 3 4 5 3 3 4 4 0 3 2 6 4 5 3 6 2 4 4 4 2 1 5 6 5 8 9 1 2 1 4 2 7 9 5 6 6 7 6 5 2 4 3 9 8 3 4 7 8 207
119 65 61 62 86 115 48 119 8 126 58 46 74 76 60 48 50 44 112 43 8 37 109 75 59 23 15 80 30 43 83 21 24 31 68 76 30 17 17 45 49 24 59 7 64 75 74 30 28 27 58 23 7 20 43 62 17 31 26 25 51 43 20 9 33 141 158 21 17 2 9 13 11 4 4 4 5 3 2 1 6 5 4 3 5 3 1 2 1 6 1 7 2 6 3 5 3 4 5 3 1 4 2 6 9 4 4 4 5 1 6 1 6 6 6 5 4 4 2 5 10 7 4 3 4 5 3 205
128 122 129 68 100 147 180 105 54 111 169 142 135 69 59 114 96 93 66 102 110 108 86 102 131 123 115 99 100 74 136 149 154 174 116 106 77 84 80 91 122 137 108 102 106 152 140 82 125 106 92 69 86 71 103 94 131 110 103 114 88 77 84 70 73 175 255 242 232 235 231 227 219 216 215 215 213 210 210 211 210 208 207 208 206 204 203 204 201 203 207 204 200 203 206 203 202 201 201 200 199 199 200 199 206 208 208 205 206 209 207 203 206 207 206 205 204 206 207 206 202 201 201 203 204 205 205 255
